Both-May parameters (old version):
R=0.460000000000;
t=0.123734095371;
r[1]=0.038947450000;
r[2]=0.068565700000;
r[3]=0.088298650000;
r[4]=0.344188200000;
p[0]=0.002971875000;
p[1]=0.005943750000;
p[2]=0.010843750000;
p[3]=0.020253550000;
p[4]=0.034783000000;
ww[1][1]=0.027815650000;
ww[1][2]=0.022263600000;
ww[1][3]=0.019784400000;
ww[1][4]=0.007067950000;
ww[2][2]=0.020914075000;
ww[2][3]=0.041828150000;
ww[2][4]=0.012421850000;
ww[3][3]=0.079394995630;
ww[3][4]=0.010536050000;
ww[4][4]=0.058925245371;

List sizes:
L(0) = 0.022905579684
L(1) = 0.040485284194
L(2) = 0.059752186958
L(3) = 0.059419899465
L(4) = 0.023715622309
Time for producing the lists:
T(1) = 0.040485284194
T(2) = 0.073246222745
T(3) = 0.073246213598
T(4) = 0.073246228127
Correctness Lemma:
E(2) = 0.000000283485
E(3) = 0.000000004233
E(4) = 0.000000002269
Success probability = -0.014889005125
Complexity = 0.088135233252
