Both-May parameters (old version):
R=0.450000000000;
t=0.127304805976;
r[1]=0.038979250000;
r[2]=0.068814500000;
r[3]=0.087638950000;
r[4]=0.354567300000;
p[0]=0.002974375000;
p[1]=0.005948750000;
p[2]=0.010848750000;
p[3]=0.020268750000;
p[4]=0.034741000000;
ww[1][1]=0.027837700000;
ww[1][2]=0.022283100000;
ww[1][3]=0.019896100000;
ww[1][4]=0.007206050000;
ww[2][2]=0.047755575000;
ww[2][3]=0.042117850000;
ww[2][4]=0.012719050000;
ww[3][3]=0.078807565039;
ww[3][4]=0.010755250000;
ww[4][4]=0.061883455976;

List sizes:
L(0) = 0.022826280476
L(1) = 0.040323210634
L(2) = 0.059478169442
L(3) = 0.058983973095
L(4) = 0.022893771768
Time for producing the lists:
T(1) = 0.040323210634
T(2) = 0.072975740283
T(3) = 0.072975738183
T(4) = 0.072975739636
Correctness Lemma:
E(2) = 0.000000291907
E(3) = 0.000000003715
E(4) = 0.000000002179
Success probability = -0.015138413368
Complexity = 0.088114153650
