Both-May parameters (old version):
R=0.200000000000;
t=0.243003853809;
r[1]=0.036242800000;
r[2]=0.070499200000;
r[3]=0.084437300000;
r[4]=0.608820700000;
p[0]=0.002824550000;
p[1]=0.005649100000;
p[2]=0.010524400000;
p[3]=0.018134200000;
p[4]=0.031941900000;
ww[1][1]=0.025390950000;
ww[1][2]=0.021703700000;
ww[1][3]=0.019114400000;
ww[1][4]=0.009906100000;
ww[2][2]=0.049322750000;
ww[2][3]=0.042352900000;
ww[2][4]=0.019241300000;
ww[3][3]=0.071688340552;
ww[3][4]=0.018004800000;
ww[4][4]=0.163909753809;

List sizes:
L(0) = 0.018551533626
L(1) = 0.032775017264
L(2) = 0.044238733938
L(3) = 0.041200846798
L(4) = 0.012917959009
Time for producing the lists:
T(1) = 0.032775017264
T(2) = 0.057213728845
T(3) = 0.057213735582
T(4) = 0.057213732049
Correctness Lemma:
E(2) = 0.000000183242
E(3) = 0.000000007178
E(4) = 0.000000002818
Success probability = -0.008242476886
Complexity = 0.065456212467
