Both-May parameters (old version):
R=0.700000000000;
t=0.053239040777;
r[1]=0.020524175000;
r[2]=0.054571750000;
r[3]=0.066377825000;
r[4]=0.158526250000;
p[0]=0.002028556250;
p[1]=0.004057112500;
p[2]=0.008114225000;
p[3]=0.015457550000;
p[4]=0.024831825000;
ww[1][1]=0.014319162500;
ww[1][2]=0.012410025000;
ww[1][3]=0.010914850000;
ww[1][4]=0.002428100000;
ww[2][2]=0.038087664740;
ww[2][3]=0.031730175000;
ww[2][4]=0.006439150000;
ww[3][3]=0.062784464600;
ww[3][4]=0.003988025000;
ww[4][4]=0.015551940777;

List sizes:
L(0) = 0.017991800726
L(1) = 0.033605195359
L(2) = 0.053466722232
L(3) = 0.053572219148
L(4) = 0.031018966002
Time for producing the lists:
T(1) = 0.033605195359
T(2) = 0.060869023702
T(3) = 0.060869012220
T(4) = 0.060869015475
Correctness Lemma:
E(2) = 0.000000075000
E(3) = 0.000000037136
E(4) = 0.000000001718
Success probability = -0.010718157012
Complexity = 0.071587180713
