Both-May parameters (old version):
R=0.050000000000;
t=0.369127748985;
r[1]=0.037273400000;
r[2]=0.060420900000;
r[3]=0.072381700000;
r[4]=0.779924000000;
p[0]=0.001671100000;
p[1]=0.003342200000;
p[2]=0.005073100000;
p[3]=0.007745800000;
p[4]=0.013696000000;
ww[1][1]=0.025692566553;
ww[1][2]=0.021341300000;
ww[1][3]=0.018623700000;
ww[1][4]=0.014049400000;
ww[2][2]=0.040171772656;
ww[2][3]=0.037025500000;
ww[2][4]=0.022505500000;
ww[3][3]=0.051723882983;
ww[3][4]=0.025409900000;
ww[4][4]=0.293466948985;

List sizes:
L(0) = 0.008850853542
L(1) = 0.013749961397
L(2) = 0.015288932059
L(3) = 0.014100202112
L(4) = 0.002908847052
Time for producing the lists:
T(1) = 0.013998303279
T(2) = 0.022755849487
T(3) = 0.022759004784
T(4) = 0.022759002459
Correctness Lemma:
E(2) = 0.000000225064
E(3) = 0.000000000060
E(4) = 0.000000004206
Success probability = -0.001673455674
Complexity = 0.024432460458
