Both-May parameters (old version):
R=0.400000000000;
t=0.146102403412;
r[1]=0.039142800000;
r[2]=0.068970800000;
r[3]=0.089452500000;
r[4]=0.402433900000;
p[0]=0.002975000000;
p[1]=0.005950000000;
p[2]=0.010850300000;
p[3]=0.020347300000;
p[4]=0.034854000000;
ww[1][1]=0.027876900000;
ww[1][2]=0.022531800000;
ww[1][3]=0.020246500000;
ww[1][4]=0.008094300000;
ww[2][2]=0.047555800000;
ww[2][3]=0.042830000000;
ww[2][4]=0.014047200000;
ww[3][3]=0.079656292383;
ww[3][4]=0.012031800000;
ww[4][4]=0.077075103412;

List sizes:
L(0) = 0.022321061799
L(1) = 0.039392388646
L(2) = 0.057817766991
L(3) = 0.056640942972
L(4) = 0.020628815516
Time for producing the lists:
T(1) = 0.039392388646
T(2) = 0.071456115757
T(3) = 0.071456084168
T(4) = 0.071456113124
Correctness Lemma:
E(2) = 0.000000014803
E(3) = 0.000000005727
E(4) = 0.000000006402
Success probability = -0.015659790001
Complexity = 0.087115905758
