Both-May parameters (old version):
R=0.500000000000;
t=0.110027864438;
r[1]=0.038107150000;
r[2]=0.067713550000;
r[3]=0.086759750000;
r[4]=0.307419550000;
p[0]=0.002953675000;
p[1]=0.005907350000;
p[2]=0.010813750000;
p[3]=0.020110450000;
p[4]=0.034459450000;
ww[1][1]=0.027306825000;
ww[1][2]=0.021600650000;
ww[1][3]=0.019149750000;
ww[1][4]=0.006378350000;
ww[2][2]=0.047488025000;
ww[2][3]=0.040451050000;
ww[2][4]=0.011327150000;
ww[3][3]=0.078682979687;
ww[3][4]=0.009515350000;
ww[4][4]=0.048347564438;

List sizes:
L(0) = 0.023149167789
L(1) = 0.040965961352
L(2) = 0.060760449953
L(3) = 0.060800294462
L(4) = 0.026149719829
Time for producing the lists:
T(1) = 0.040965961352
T(2) = 0.073785079443
T(3) = 0.073785077178
T(4) = 0.073785073741
Correctness Lemma:
E(2) = 0.000000066507
E(3) = 0.000000022766
E(4) = 0.000000000771
Success probability = -0.013851077232
Complexity = 0.087636156675
