Both-May parameters (old version):
R=0.970000000000;
t=0.003064099916;
r[1]=0.001099000000;
r[2]=0.001671200000;
r[3]=0.000000400000;
r[4]=0.027229400000;
p[0]=0.000113137500;
p[1]=0.000226275000;
p[2]=0.000452550000;
p[3]=0.000905100000;
p[4]=0.001810200000;
ww[1][1]=0.000749500000;
ww[1][2]=0.000699000000;
ww[1][3]=0.000800000000;
ww[1][4]=0.000050800000;
ww[2][2]=0.001397821710;
ww[2][3]=0.000020700000;
ww[2][4]=0.000041400000;
ww[3][3]=0.000000400000;
ww[3][4]=0.000000000000;
ww[4][4]=0.001161699916;

List sizes:
L(0) = 0.001528286081
L(1) = 0.002949102364
L(2) = 0.004819096465
L(3) = 0.009141487079
L(4) = -0.001923633546
Time for producing the lists:
T(1) = 0.003056572162
T(2) = 0.005898204728
T(3) = 0.009638192931
T(4) = 0.009638191233
Correctness Lemma:
E(2) = 0.000052550000
E(3) = 0.000000008295
E(4) = 0.000000003098
Success probability = -0.003476987342
Complexity = 0.013115180273
