Both-May parameters (old version):
R=0.900000000000;
t=0.012986862056;
r[1]=0.009002587500;
r[2]=0.005839862500;
r[3]=0.030737756250;
r[4]=0.054419793750;
p[0]=0.000688159375;
p[1]=0.001376318750;
p[2]=0.002752637500;
p[3]=0.005505275000;
p[4]=0.008970550000;
ww[1][1]=0.005865750000;
ww[1][2]=0.006273675000;
ww[1][3]=0.005337775000;
ww[1][4]=0.000459062500;
ww[2][2]=0.004061115625;
ww[2][3]=0.003557493750;
ww[2][4]=0.000297643750;
ww[3][3]=0.028450483044;
ww[3][4]=0.000969837500;
ww[4][4]=0.002289768306;

List sizes:
L(0) = 0.007428376233
L(1) = 0.014250560584
L(2) = 0.023745780479
L(3) = 0.026865523504
L(4) = 0.015172362121
Time for producing the lists:
T(1) = 0.014250560584
T(2) = 0.028501121168
T(3) = 0.028501115778
T(4) = 0.028501111280
Correctness Lemma:
E(2) = 0.000023725000
E(3) = 0.000000048661
E(4) = 0.000000000962
Success probability = -0.003257164647
Complexity = 0.031758285814
