Both-May parameters (old version):
R=0.470000000000;
t=0.120222466333;
r[1]=0.038966750000;
r[2]=0.068662200000;
r[3]=0.088078450000;
r[4]=0.334292600000;
p[0]=0.002971875000;
p[1]=0.005943750000;
p[2]=0.010843750000;
p[3]=0.020237750000;
p[4]=0.034727900000;
ww[1][1]=0.027833300000;
ww[1][2]=0.022266900000;
ww[1][3]=0.019433800000;
ww[1][4]=0.006807850000;
ww[2][2]=0.047754575000;
ww[2][3]=0.041815250000;
ww[2][4]=0.011979250000;
ww[3][3]=0.008775468652;
ww[3][4]=0.010422350000;
ww[4][4]=0.056285116333;

List sizes:
L(0) = 0.022998382170
L(1) = 0.040663140505
L(2) = 0.060041476847
L(3) = 0.059842614756
L(4) = 0.024259312419
Time for producing the lists:
T(1) = 0.040663140505
T(2) = 0.073548367396
T(3) = 0.073548358688
T(4) = 0.073548368215
Correctness Lemma:
E(2) = 0.000000871826
E(3) = 0.000000000457
E(4) = 0.000000001000
Success probability = -0.014557634379
Complexity = 0.088106002594
