Both-May parameters (old version):
R=0.950000000000;
t=0.005607170053;
r[1]=0.009058300000;
r[2]=0.004171000000;
r[3]=0.000000100000;
r[4]=0.036770600000;
p[0]=0.000295550000;
p[1]=0.000591100000;
p[2]=0.000781550000;
p[3]=0.001563100000;
p[4]=0.003126200000;
ww[1][1]=0.006287400000;
ww[1][2]=0.005541800000;
ww[1][3]=0.001922400000;
ww[1][4]=0.000466400000;
ww[2][2]=0.002656850000;
ww[2][3]=0.003028300000;
ww[2][4]=0.000229500000;
ww[3][3]=0.000000100000;
ww[3][4]=0.000000000000;
ww[4][4]=0.001785070053;

List sizes:
L(0) = 0.003573954836
L(1) = 0.006136817259
L(2) = 0.007083434596
L(3) = 0.013319748982
L(4) = -0.002722046584
Time for producing the lists:
T(1) = 0.006136817259
T(2) = 0.012273634518
T(3) = 0.014166869192
T(4) = 0.014166866190
Correctness Lemma:
E(2) = 0.000000032085
E(3) = 0.000000002528
E(4) = 0.000000005110
Success probability = -0.005478376837
Complexity = 0.019645246028
