Both-May parameters (old version):
R=0.600000000000;
t=0.079382600481;
r[1]=0.035273350000;
r[2]=0.065969450000;
r[3]=0.083874850000;
r[4]=0.214882350000;
p[0]=0.002699875000;
p[1]=0.005399750000;
p[2]=0.009841750000;
p[3]=0.018479350000;
p[4]=0.031420950000;
ww[1][1]=0.025361175000;
ww[1][2]=0.019824350000;
ww[1][3]=0.017929850000;
ww[1][4]=0.004795650000;
ww[2][2]=0.046035744531;
ww[2][3]=0.039347450000;
ww[2][4]=0.008968850000;
ww[3][3]=0.076344051953;
ww[3][4]=0.007448850000;
ww[4][4]=0.026748300481;

List sizes:
L(0) = 0.022225667250
L(1) = 0.039401029525
L(2) = 0.059043698887
L(3) = 0.060697510686
L(4) = 0.030206956337
Time for producing the lists:
T(1) = 0.039401029525
T(2) = 0.071144467357
T(3) = 0.071144457254
T(4) = 0.071144461518
Correctness Lemma:
E(2) = 0.000000063345
E(3) = 0.000000003229
E(4) = 0.000000001592
Success probability = -0.011346549328
Complexity = 0.082491016685
