Both-May parameters (old version):
R=0.020000000000;
t=0.416937481940;
r[1]=0.034905100000;
r[2]=0.058972100000;
r[3]=0.069402900000;
r[4]=0.816719900000;
p[0]=0.001185550000;
p[1]=0.002371100000;
p[2]=0.003153100000;
p[3]=0.004513800000;
p[4]=0.007481800000;
ww[1][1]=0.023667357813;
ww[1][2]=0.018670500000;
ww[1][3]=0.017028300000;
ww[1][4]=0.014615200000;
ww[2][2]=0.038041316602;
ww[2][3]=0.033834100000;
ww[2][4]=0.024678900000;
ww[3][3]=0.023098332935;
ww[3][4]=0.028307900000;
ww[4][4]=0.341853681940;

List sizes:
L(0) = 0.005251929445
L(1) = 0.007239911304
L(2) = 0.007572611359
L(3) = 0.006817577786
L(4) = 0.001498401526
Time for producing the lists:
T(1) = 0.008144071009
T(2) = 0.011770449174
T(3) = 0.011770450537
T(4) = 0.011770448884
Correctness Lemma:
E(2) = 0.000000105005
E(3) = 0.000000000216
E(4) = 0.000000004547
Success probability = -0.000134307407
Complexity = 0.011904757944
