Both-May parameters (old version):
R=0.800000000000;
t=0.031124460305;
r[1]=0.021690037500;
r[2]=0.024879387500;
r[3]=0.050763518750;
r[4]=0.102667056250;
p[0]=0.001413925781;
p[1]=0.002827851562;
p[2]=0.005354203125;
p[3]=0.010708406250;
p[4]=0.017048968750;
ww[1][1]=0.015065080957;
ww[1][2]=0.012834825000;
ww[1][3]=0.011235000000;
ww[1][4]=0.002005350000;
ww[2][2]=0.017233515625;
ww[2][3]=0.015291743750;
ww[2][4]=0.002203881250;
ww[3][3]=0.002949416846;
ww[3][4]=0.002505706250;
ww[4][4]=0.007360554055;

List sizes:
L(0) = 0.013551477549
L(1) = 0.024670130140
L(2) = 0.040538033672
L(3) = 0.042309021885
L(4) = 0.024260147329
Time for producing the lists:
T(1) = 0.024670130140
T(2) = 0.046604838819
T(3) = 0.046604844659
T(4) = 0.046604830214
Correctness Lemma:
E(2) = 0.000000064890
E(3) = 0.000000017393
E(4) = 0.000000004164
Success probability = -0.008008743173
Complexity = 0.054613587832
