Both-May parameters (old version):
R=0.300000000000;
t=0.189297705371;
r[1]=0.038412750000;
r[2]=0.069368350000;
r[3]=0.087313550000;
r[4]=0.504905350000;
p[0]=0.002927975000;
p[1]=0.005855950000;
p[2]=0.010755950000;
p[3]=0.020079850000;
p[4]=0.034517650000;
ww[1][1]=0.011275425000;
ww[1][2]=0.022550850000;
ww[1][3]=0.020265950000;
ww[1][4]=0.009141250000;
ww[2][2]=0.047412125000;
ww[2][3]=0.043912450000;
ww[2][4]=0.016364350000;
ww[3][3]=0.076560289844;
ww[3][4]=0.014226350000;
ww[4][4]=0.115048105371;

List sizes:
L(0) = 0.020810398995
L(1) = 0.036751672085
L(2) = 0.053016807266
L(3) = 0.050544010361
L(4) = 0.017394115832
Time for producing the lists:
T(1) = 0.036751672085
T(2) = 0.066604865594
T(3) = 0.066604905315
T(4) = 0.066604903879
Correctness Lemma:
E(2) = 0.000000084263
E(3) = 0.000000010410
E(4) = 0.000000008026
Success probability = -0.013497633163
Complexity = 0.080102538478
