Both-May parameters (old version):
R=0.100000000000;
t=0.316019346324;
r[1]=0.037906800000;
r[2]=0.062989800000;
r[3]=0.075787300000;
r[4]=0.723316100000;
p[0]=0.002278100000;
p[1]=0.004556200000;
p[2]=0.007310100000;
p[3]=0.012131900000;
p[4]=0.021632800000;
ww[1][1]=0.026969321875;
ww[1][2]=0.021357800000;
ww[1][3]=0.019396800000;
ww[1][4]=0.012585800000;
ww[2][2]=0.043012408594;
ww[2][3]=0.039018400000;
ww[2][4]=0.020835700000;
ww[3][3]=0.058914035547;
ww[3][4]=0.022375700000;
ww[4][4]=0.238589346324;

List sizes:
L(0) = 0.013361838523
L(1) = 0.021675349577
L(2) = 0.026547372182
L(3) = 0.024633989148
L(4) = 0.005419850008
Time for producing the lists:
T(1) = 0.021675349577
T(2) = 0.037130980297
T(3) = 0.037130993113
T(4) = 0.037130990053
Correctness Lemma:
E(2) = 0.000000170728
E(3) = 0.000000004752
E(4) = 0.000000001442
Success probability = -0.004200986248
Complexity = 0.041331979361
