Both-May parameters:
R=0.130000000000;
t=0.290992596895;
r[1]=0.131662200000;
r[2]=0.135650900000;
r[3]=0.164182100000;
r[4]=0.438504800000;
p[0]=0.007682575000;
p[1]=0.015365150000;
p[2]=0.029685900000;
p[3]=0.035189200000;
p[4]=0.036584100000;
ww[1][1]=0.032477414240;
ww[1][2]=0.030107900000;
ww[1][3]=0.035667500000;
ww[1][4]=0.037066400000;
ww[2][2]=0.031023044196;
ww[2][3]=0.036749300000;
ww[2][4]=0.038190500000;
ww[3][3]=0.043543763597;
ww[3][4]=0.045750800000;
ww[4][4]=0.133400796895;

List sizes:
L(0) = 0.034069466312
L(1) = 0.042591340648
L(2) = 0.040812447448
L(3) = 0.040316949209
L(4) = -0.000480060715
Time for producing the lists:
T(1) = 0.048160898728
T(2) = 0.059429738060
T(3) = 0.059430084421
T(4) = 0.059430084440
Correctness Lemma:
E(2) = 0.000000000179
E(3) = 0.000000000016
E(4) = 0.000000000001
Success probability = -0.000480060715
Complexity = 0.059910145155
