Both-May parameters:
R=0.040000000000;
t=0.382806394431;
r[1]=0.004599141210;
r[2]=0.021995582520;
r[3]=0.213813740271;
r[4]=0.719591535999;
p[0]=0.001636275917;
p[1]=0.003272551835;
p[2]=0.006545103670;
p[3]=0.012028786652;
p[4]=0.013881184091;
ww[1][1]=0.000381540053;
ww[1][2]=0.000763080106;
ww[1][3]=0.001394160212;
ww[1][4]=0.001603350723;
ww[2][2]=0.003652226830;
ww[2][3]=0.006660500000;
ww[2][4]=0.007659500000;
ww[3][3]=0.071759692114;
ww[3][4]=0.077967700000;
ww[4][4]=0.281694659616;

List sizes:
L(0) = 0.008170763774
L(1) = 0.013639626220
L(2) = 0.016369279207
L(3) = 0.015237519962
L(4) = -0.000636990715
Time for producing the lists:
T(1) = 0.016341527548
T(2) = 0.019549428599
T(3) = 0.025255178788
T(4) = 0.025255292781
Correctness Lemma:
E(2) = 0.002709042566
E(3) = 0.000000823138
E(4) = 0.000000000654
Success probability = -0.000636990715
Complexity = 0.025892283496
