Both-May parameters:
R=0.438000000000;
t=0.131669837138;
r[1]=0.055784900000;
r[2]=0.090750600000;
r[3]=0.122601900000;
r[4]=0.292862600000;
p[0]=0.008084737500;
p[1]=0.016169475000;
p[2]=0.032338950000;
p[3]=0.045936100000;
p[4]=0.050853600000;
ww[1][1]=0.049993483992;
ww[1][2]=0.004125600000;
ww[1][3]=0.005856600000;
ww[1][4]=0.006481900000;
ww[2][2]=0.084046495713;
ww[2][3]=0.009521400000;
ww[2][4]=0.010538500000;
ww[3][3]=0.109691303791;
ww[3][4]=0.014270200000;
ww[4][4]=0.049525637138;

List sizes:
L(0) = 0.049925821651
L(1) = 0.070898133417
L(2) = 0.075666297819
L(3) = 0.073498544234
L(4) = -0.003518436766
Time for producing the lists:
T(1) = 0.070898133417
T(2) = 0.085550578695
T(3) = 0.091468988723
T(4) = 0.091468988941
Correctness Lemma:
E(2) = 0.000000019622
E(3) = 0.000000000007
E(4) = 0.000000000009
Success probability = -0.003518436766
Complexity = 0.094987425706