Both-May parameters:
R=0.370000000000;
t=0.158205829694;
r[1]=0.076555200000;
r[2]=0.097463400000;
r[3]=0.129868500000;
r[4]=0.326112900000;
p[0]=0.008829194476;
p[1]=0.017658388952;
p[2]=0.035316777903;
p[3]=0.048245555806;
p[4]=0.052641011611;
ww[1][1]=0.011044880024;
ww[1][2]=0.007306900000;
ww[1][3]=0.009981000000;
ww[1][4]=0.010890800000;
ww[2][2]=0.009305428282;
ww[2][3]=0.012710200000;
ww[2][4]=0.013867200000;
ww[3][3]=0.016449191410;
ww[3][4]=0.018159998440;
ww[4][4]=0.062646819643;

List sizes:
L(0) = 0.051181136076
L(1) = 0.071382067010
L(2) = 0.073193955156
L(3) = 0.071151818255
L(4) = -0.002938391574
Time for producing the lists:
T(1) = 0.071382067010
T(2) = 0.089596775856
T(3) = 0.091080118984
T(4) = 0.091080118985
Correctness Lemma:
E(2) = 0.000000000165
E(3) = 0.000000000018
E(4) = 0.000000000003
Success probability = -0.002938391574
Complexity = 0.094018510559
