Both-May parameters:
R=0.970000000000;
t=0.003064099916;
r[1]=0.000790153922;
r[2]=0.000971000000;
r[3]=0.015228115157;
r[4]=0.013010730921;
p[0]=0.000219583249;
p[1]=0.000439166499;
p[2]=0.000878332997;
p[3]=0.001756665995;
p[4]=0.002570542978;
ww[1][1]=0.000000500000;
ww[1][2]=0.000001000000;
ww[1][3]=0.000002000000;
ww[1][4]=0.000002000000;
ww[2][2]=0.000001250000;
ww[2][3]=0.000002500000;
ww[2][4]=0.000003000000;
ww[3][3]=0.002050075279;
ww[3][4]=0.000274000000;
ww[4][4]=0.000214556938;

List sizes:
L(0) = 0.002756070483
L(1) = 0.004728021158
L(2) = 0.008409379757
L(3) = 0.010269284108
L(4) = -0.000686125923
Time for producing the lists:
T(1) = 0.005512140966
T(2) = 0.009456042316
T(3) = 0.010605402406
T(4) = 0.010605568347
Correctness Lemma:
E(2) = 0.000089179075
E(3) = 0.000000012073
E(4) = 0.000000045186
Success probability = -0.000686125923
Complexity = 0.011291694270
