Both-May parameters:
R=0.210000000000;
t=0.236990698938;
r[1]=0.118504000000;
r[2]=0.117849600000;
r[3]=0.151838400000;
r[4]=0.401808000000;
p[0]=0.009015498172;
p[1]=0.018030996345;
p[2]=0.035474792690;
p[3]=0.044354085381;
p[4]=0.046919870762;
ww[1][1]=0.024715348451;
ww[1][2]=0.020041692691;
ww[1][3]=0.025046685381;
ww[1][4]=0.026487070762;
ww[2][2]=0.019932571243;
ww[2][3]=0.024909885381;
ww[2][4]=0.026341370762;
ww[3][3]=0.031218030888;
ww[3][4]=0.033437870762;
ww[4][4]=0.103804515890;

List sizes:
L(0) = 0.044362960068
L(1) = 0.057763634085
L(2) = 0.056227068932
L(3) = 0.055165801354
L(4) = -0.001219416528
Time for producing the lists:
T(1) = 0.060935801183
T(2) = 0.076669871186
T(3) = 0.076669891965
T(4) = 0.076669891963
Correctness Lemma:
E(2) = 0.000000000190
E(3) = 0.000000000021
E(4) = 0.000000000000
Success probability = -0.001219416528
Complexity = 0.077889308493
