Both-May parameters:
R=0.350000000000;
t=0.166657010397;
r[1]=0.073140600000;
r[2]=0.104833400000;
r[3]=0.136345900000;
r[4]=0.335680100000;
p[0]=0.008858419476;
p[1]=0.017716838952;
p[2]=0.035433677903;
p[3]=0.048240855806;
p[4]=0.052567711611;
ww[1][1]=0.010113908224;
ww[1][2]=0.007419000000;
ww[1][3]=0.010081300000;
ww[1][4]=0.010985400000;
ww[2][2]=0.010642251879;
ww[2][3]=0.014449350000;
ww[2][4]=0.015745300000;
ww[3][3]=0.018792941774;
ww[3][4]=0.020478398440;
ww[4][4]=0.066880200346;

List sizes:
L(0) = 0.050579009472
L(1) = 0.070418300437
L(2) = 0.071847181626
L(3) = 0.070010661126
L(4) = -0.002724330328
Time for producing the lists:
T(1) = 0.070418300437
T(2) = 0.086257261111
T(3) = 0.090409241402
T(4) = 0.090409241438
Correctness Lemma:
E(2) = 0.000000000013
E(3) = 0.000000000135
E(4) = 0.000000000000
Success probability = -0.002724330328
Complexity = 0.093133571766
