Both-May parameters:
R=0.424000000000;
t=0.136876565356;
r[1]=0.072719700000;
r[2]=0.081584500000;
r[3]=0.121885200000;
r[4]=0.299810600000;
p[0]=0.008414800000;
p[1]=0.016829600000;
p[2]=0.033330200000;
p[3]=0.046759600000;
p[4]=0.051509800000;
ww[1][1]=0.009611666137;
ww[1][2]=0.005718000000;
ww[1][3]=0.008020100000;
ww[1][4]=0.008834700000;
ww[2][2]=0.006418228692;
ww[2][3]=0.008998700000;
ww[2][4]=0.009912300000;
ww[3][3]=0.013028715212;
ww[3][4]=0.014529600000;
ww[4][4]=0.052090165356;

List sizes:
L(0) = 0.051066626922
L(1) = 0.070381713259
L(2) = 0.075455389426
L(3) = 0.073192727699
L(4) = -0.003428217000
Time for producing the lists:
T(1) = 0.070381713259
T(2) = 0.091606675607
T(3) = 0.091606828874
T(4) = 0.091606829022
Correctness Lemma:
E(2) = 0.000000000178
E(3) = 0.000000000034
E(4) = 0.000000000001
Success probability = -0.003428217000
Complexity = 0.095035046022
