Both-May parameters:
R=0.760000000000;
t=0.039501087638;
r[1]=0.007763400000;
r[2]=0.043039700000;
r[3]=0.061883400000;
r[4]=0.127313500000;
p[0]=0.002982583034;
p[1]=0.005965166068;
p[2]=0.011930332136;
p[3]=0.020131264272;
p[4]=0.024423328544;
ww[1][1]=0.007702300000;
ww[1][2]=0.000122200000;
ww[1][3]=0.000206100000;
ww[1][4]=0.000249800000;
ww[2][2]=0.003154894264;
ww[2][3]=0.004011100000;
ww[2][4]=0.002684200000;
ww[3][3]=0.060195950850;
ww[3][4]=0.002022100000;
ww[4][4]=0.010121659094;

List sizes:
L(0) = 0.025144104614
L(1) = 0.043039660761
L(2) = 0.054956172697
L(3) = 0.053209228582
L(4) = -0.004289581653
Time for producing the lists:
T(1) = 0.050288209229
T(2) = 0.059314086165
T(3) = 0.059314110187
T(4) = 0.059314110158
Correctness Lemma:
E(2) = 0.004289132136
E(3) = 0.000000000067
E(4) = 0.000000000040
Success probability = -0.004289581653
Complexity = 0.063603691841
