Both-May parameters:
R=0.520000000000;
t=0.103502199863;
r[1]=0.018874600000;
r[2]=0.092920100000;
r[3]=0.115699400000;
r[4]=0.252505900000;
p[0]=0.006558208034;
p[1]=0.013116416068;
p[2]=0.026232832136;
p[3]=0.039949264272;
p[4]=0.045638928544;
ww[1][1]=0.000571250000;
ww[1][2]=0.001142500000;
ww[1][3]=0.001615000000;
ww[1][4]=0.001766400000;
ww[2][2]=0.005624954895;
ww[2][3]=0.007948300000;
ww[2][4]=0.008693600000;
ww[3][3]=0.010364032617;
ww[3][4]=0.011122400000;
ww[4][4]=0.036280871319;

List sizes:
L(0) = 0.044159110529
L(1) = 0.073137791651
L(2) = 0.074962667948
L(3) = 0.073218618216
L(4) = -0.004052613502
Time for producing the lists:
T(1) = 0.088318221057
T(2) = 0.084210941816
T(3) = 0.088318223724
T(4) = 0.088318223757
Correctness Lemma:
E(2) = 0.008500732136
E(3) = 0.000000000266
E(4) = 0.000000000002
Success probability = -0.004052613502
Complexity = 0.092370837259
