Both-May parameters:
R=0.940000000000;
t=0.006975884933;
r[1]=0.005015532496;
r[2]=0.000493000000;
r[3]=0.019350450823;
r[4]=0.035141016681;
p[0]=0.000673374759;
p[1]=0.001346749517;
p[2]=0.002296445295;
p[3]=0.004537388967;
p[4]=0.005730345320;
ww[1][1]=0.000005250000;
ww[1][2]=0.000010500000;
ww[1][3]=0.000021000000;
ww[1][4]=0.000029000000;
ww[2][2]=0.000246500000;
ww[2][3]=0.000004000000;
ww[2][4]=0.000004000000;
ww[3][3]=0.000233377105;
ww[3][4]=0.000205000000;
ww[4][4]=0.001007539613;

List sizes:
L(0) = 0.007332173352
L(1) = 0.009708358707
L(2) = 0.018328587380
L(3) = 0.018636657633
L(4) = -0.001069474929
Time for producing the lists:
T(1) = 0.014664346704
T(2) = 0.019416717414
T(3) = 0.019128820432
T(4) = 0.019417264256
Correctness Lemma:
E(2) = 0.000000932178
E(3) = 0.000000287968
E(4) = 0.000000166772
Success probability = -0.001069474929
Complexity = 0.020486739185
