Both-May parameters:
R=0.449000000000;
t=0.127665185433;
r[1]=0.056440500000;
r[2]=0.089306200000;
r[3]=0.117715900000;
r[4]=0.287537400000;
p[0]=0.008060462500;
p[1]=0.016120925000;
p[2]=0.032241850000;
p[3]=0.045737900000;
p[4]=0.050597500000;
ww[1][1]=0.050479910936;
ww[1][2]=0.004059150000;
ww[1][3]=0.005750600000;
ww[1][4]=0.006360400000;
ww[2][2]=0.082879509929;
ww[2][3]=0.009111600000;
ww[2][4]=0.010072600000;
ww[3][3]=0.011580702929;
ww[3][4]=0.012989900000;
ww[4][4]=0.047644785433;

List sizes:
L(0) = 0.050105359098
L(1) = 0.071229970310
L(2) = 0.075950880209
L(3) = 0.073622168746
L(4) = -0.003626480407
Time for producing the lists:
T(1) = 0.071229970310
T(2) = 0.086483234229
T(3) = 0.091240808848
T(4) = 0.091240809789
Correctness Lemma:
E(2) = 0.000000001570
E(3) = 0.000000000298
E(4) = 0.000000000020
Success probability = -0.003626480407
Complexity = 0.094867290195
