Both-May parameters:
R=0.230000000000;
t=0.225452856548;
r[1]=0.104094623206;
r[2]=0.125868124758;
r[3]=0.147418696894;
r[4]=0.392618555142;
p[0]=0.009104710673;
p[1]=0.018209421345;
p[2]=0.036262442690;
p[3]=0.045796285381;
p[4]=0.048618405131;
ww[1][1]=0.020191143387;
ww[1][2]=0.016463417691;
ww[1][3]=0.020745635381;
ww[1][4]=0.022008870762;
ww[2][2]=0.019828892383;
ww[2][3]=0.025078185381;
ww[2][4]=0.026606970762;
ww[3][3]=0.028359623693;
ww[3][4]=0.030574870762;
ww[4][4]=0.097643739132;

List sizes:
L(0) = 0.045914072721
L(1) = 0.061609592738
L(2) = 0.059296927337
L(3) = 0.058070771246
L(4) = -0.001439751228
Time for producing the lists:
T(1) = 0.062950788619
T(2) = 0.079726800131
T(3) = 0.079734044783
T(4) = 0.079734094492
Correctness Lemma:
E(2) = 0.000007619442
E(3) = 0.000000104525
E(4) = 0.000000000143
Success probability = -0.001439751228
Complexity = 0.081173845720
