Both-May parameters:
R=0.890000000000;
t=0.014610204883;
r[1]=0.008853075704;
r[2]=0.000410404505;
r[3]=0.037732876915;
r[4]=0.063003642876;
p[0]=0.001260323611;
p[1]=0.002520647222;
p[2]=0.004340088215;
p[3]=0.008611035835;
p[4]=0.010931769009;
ww[1][1]=0.000022500000;
ww[1][2]=0.000045000000;
ww[1][3]=0.000090000000;
ww[1][4]=0.000114000000;
ww[2][2]=0.000003500000;
ww[2][3]=0.000007000000;
ww[2][4]=0.000007000000;
ww[3][3]=0.001068671206;
ww[3][4]=0.000859000000;
ww[4][4]=0.002698435875;

List sizes:
L(0) = 0.012482897167
L(1) = 0.016339090458
L(2) = 0.030751002690
L(3) = 0.030777853505
L(4) = -0.002023392738
Time for producing the lists:
T(1) = 0.024965794334
T(2) = 0.032678180917
T(3) = 0.032678481056
T(4) = 0.032678704370
Correctness Lemma:
E(2) = 0.000000486985
E(3) = 0.000000467607
E(4) = 0.000000019880
Success probability = -0.002023392738
Complexity = 0.034702097108
