Both-May parameters:
R=0.010000000000;
t=0.441197611262;
r[1]=0.007638300000;
r[2]=0.018490700000;
r[3]=0.208940500000;
r[4]=0.754930500000;
p[0]=0.000617762500;
p[1]=0.001235525000;
p[2]=0.002471050000;
p[3]=0.004097100000;
p[4]=0.004335700000;
ww[1][1]=0.001761102203;
ww[1][2]=0.002092350000;
ww[1][3]=0.003143700000;
ww[1][4]=0.003315900000;
ww[2][2]=0.005485744979;
ww[2][3]=0.007603300000;
ww[2][4]=0.008025700000;
ww[3][3]=0.085950730941;
ww[3][4]=0.090693500000;
ww[4][4]=0.334826811262;

List sizes:
L(0) = 0.002697434662
L(1) = 0.003706727258
L(2) = 0.004627411430
L(3) = 0.004405789406
L(4) = -0.000048659369
Time for producing the lists:
T(1) = 0.003837574128
T(2) = 0.005607312471
T(3) = 0.007940106487
T(4) = 0.007941311175
Correctness Lemma:
E(2) = 0.000000000167
E(3) = 0.000000000186
E(4) = 0.000000000009
Success probability = -0.000048659369
Complexity = 0.007989970543
