Both-May parameters:
R=0.360000000000;
t=0.162391411989;
r[1]=0.087624800000;
r[2]=0.086746600000;
r[3]=0.134787300000;
r[4]=0.330841300000;
p[0]=0.008955706976;
p[1]=0.017911413952;
p[2]=0.035179527903;
p[3]=0.048139355806;
p[4]=0.052556011611;
ww[1][1]=0.013211910323;
ww[1][2]=0.008586400000;
ww[1][3]=0.011717300000;
ww[1][4]=0.012792300000;
ww[2][2]=0.008498511320;
ww[2][3]=0.011600250000;
ww[2][4]=0.012664300000;
ww[3][3]=0.018024034928;
ww[3][4]=0.019677598440;
ww[4][4]=0.064701201938;

List sizes:
L(0) = 0.051363132948
L(1) = 0.068708947134
L(2) = 0.072508231318
L(3) = 0.070626958096
L(4) = -0.002817074394
Time for producing the lists:
T(1) = 0.068719432471
T(2) = 0.090793805022
T(3) = 0.090793921021
T(4) = 0.090793921374
Correctness Lemma:
E(2) = 0.000000000132
E(3) = 0.000000000181
E(4) = 0.000000000000
Success probability = -0.002817074394
Complexity = 0.093610995768
