Both-May parameters:
R=0.180000000000;
t=0.255578045725;
r[1]=0.130507303549;
r[2]=0.121616280323;
r[3]=0.152106524171;
r[4]=0.415769891957;
p[0]=0.008812256474;
p[1]=0.017624512949;
p[2]=0.034198445971;
p[3]=0.041906290450;
p[4]=0.043919690316;
ww[1][1]=0.029106661271;
ww[1][2]=0.024940050000;
ww[1][3]=0.030331100000;
ww[1][4]=0.031817600000;
ww[2][2]=0.023020835187;
ww[2][3]=0.028123800000;
ww[2][4]=0.029567800000;
ww[3][3]=0.033985176178;
ww[3][4]=0.036345100000;
ww[4][4]=0.113927855409;

List sizes:
L(0) = 0.041611311931
L(1) = 0.052639078711
L(2) = 0.051114584457
L(3) = 0.050224664490
L(4) = -0.000923835370
Time for producing the lists:
T(1) = 0.057556090757
T(2) = 0.071191802750
T(3) = 0.071202656671
T(4) = 0.071202777091
Correctness Lemma:
E(2) = 0.000002342361
E(3) = 0.000000027208
E(4) = 0.000000001442
Success probability = -0.000923835370
Complexity = 0.072126612461
