Both-May parameters:
R=0.910000000000;
t=0.011409693920;
r[1]=0.009734725283;
r[2]=0.000762000000;
r[3]=0.026219851205;
r[4]=0.053283423512;
p[0]=0.001148759472;
p[1]=0.002297518945;
p[2]=0.003629108109;
p[3]=0.006857358377;
p[4]=0.008758447802;
ww[1][1]=0.000034457740;
ww[1][2]=0.000050000000;
ww[1][3]=0.000089000000;
ww[1][4]=0.000102000000;
ww[2][2]=0.000369312500;
ww[2][3]=0.000014000000;
ww[2][4]=0.000014000000;
ww[3][3]=0.000518647170;
ww[3][4]=0.000445800000;
ww[4][4]=0.002089446118;

List sizes:
L(0) = 0.011568603247
L(1) = 0.013732665854
L(2) = 0.024866584787
L(3) = 0.026005285425
L(4) = -0.001858466033
Time for producing the lists:
T(1) = 0.023137206495
T(2) = 0.027465331707
T(3) = 0.027189538011
T(4) = 0.027465600314
Correctness Lemma:
E(2) = 0.000000928091
E(3) = 0.000000169278
E(4) = 0.000000063737
Success probability = -0.001858466033
Complexity = 0.029324066348
