Both-May parameters:
R=0.510000000000;
t=0.106738753821;
r[1]=0.021878400000;
r[2]=0.095271700000;
r[3]=0.115171400000;
r[4]=0.257678500000;
p[0]=0.006644933034;
p[1]=0.013289866068;
p[2]=0.026579732136;
p[3]=0.040432664272;
p[4]=0.046151728544;
ww[1][1]=0.000738250000;
ww[1][2]=0.001476500000;
ww[1][3]=0.002000000000;
ww[1][4]=0.002153600000;
ww[2][2]=0.006436872284;
ww[2][3]=0.008712800000;
ww[2][4]=0.009378800000;
ww[3][3]=0.010341737632;
ww[3][4]=0.011214800000;
ww[4][4]=0.037839825277;

List sizes:
L(0) = 0.044426899943
L(1) = 0.071631786153
L(2) = 0.075253288699
L(3) = 0.073378094210
L(4) = -0.004053176426
Time for producing the lists:
T(1) = 0.088853799887
T(2) = 0.082837333891
T(3) = 0.088853799582
T(4) = 0.088853799885
Correctness Lemma:
E(2) = 0.006177832136
E(3) = 0.000000000156
E(4) = 0.000000000001
Success probability = -0.004053176426
Complexity = 0.092906976313
