Both-May parameters:
R=0.060000000000;
t=0.356806060828;
r[1]=0.074683839808;
r[2]=0.105318469922;
r[3]=0.298090816623;
r[4]=0.461906873647;
p[0]=0.003825195467;
p[1]=0.007650390933;
p[2]=0.015300781866;
p[3]=0.019298063259;
p[4]=0.020546581914;
ww[1][1]=0.020962469552;
ww[1][2]=0.020447600000;
ww[1][3]=0.024717400000;
ww[1][4]=0.025888400000;
ww[2][2]=0.029096573925;
ww[2][3]=0.035025200000;
ww[2][4]=0.036576400000;
ww[3][3]=0.107003030230;
ww[3][4]=0.106591700000;
ww[4][4]=0.167202978914;

List sizes:
L(0) = 0.016516797659
L(1) = 0.022307465735
L(2) = 0.021945840506
L(3) = 0.022058652972
L(4) = -0.000132998506
Time for producing the lists:
T(1) = 0.024473828270
T(2) = 0.032676803459
T(3) = 0.035171716905
T(4) = 0.035171745513
Correctness Lemma:
E(2) = 0.000001068061
E(3) = 0.000000032933
E(4) = 0.000000000402
Success probability = -0.000132998506
Complexity = 0.035304744019
