Both-May parameters:
R=0.250000000000;
t=0.214501744860;
r[1]=0.106243400000;
r[2]=0.109202400000;
r[3]=0.151499700000;
r[4]=0.383054500000;
p[0]=0.009081298173;
p[1]=0.018162596345;
p[2]=0.036140392691;
p[3]=0.046592985381;
p[4]=0.049799170762;
ww[1][1]=0.020587965851;
ww[1][2]=0.015361917691;
ww[1][3]=0.019802435381;
ww[1][4]=0.021164270762;
ww[2][2]=0.015788032103;
ww[2][3]=0.020351685381;
ww[2][4]=0.021752370762;
ww[3][3]=0.028053737889;
ww[3][4]=0.030069770762;
ww[4][4]=0.091716161812;

List sizes:
L(0) = 0.046967178085
L(1) = 0.063050952113
L(2) = 0.062000795193
L(3) = 0.060718745460
L(4) = -0.001637132256
Time for producing the lists:
T(1) = 0.064398055161
T(2) = 0.082409470615
T(3) = 0.082410107065
T(4) = 0.082410107091
Correctness Lemma:
E(2) = 0.000000000066
E(3) = 0.000000000007
E(4) = 0.000000000001
Success probability = -0.001637132256
Complexity = 0.084047239347
