Both-May parameters:
R=0.850000000000;
t=0.021539631930;
r[1]=0.015583700000;
r[2]=0.000000100000;
r[3]=0.050809200000;
r[4]=0.083607000000;
p[0]=0.001949518750;
p[1]=0.003899037500;
p[2]=0.006223825000;
p[3]=0.011936500000;
p[4]=0.015085700000;
ww[1][1]=0.000074707127;
ww[1][2]=0.000116800000;
ww[1][3]=0.000222550000;
ww[1][4]=0.000280050000;
ww[2][2]=0.000000003809;
ww[2][3]=0.000000000000;
ww[2][4]=0.000000000000;
ww[3][3]=0.002218847381;
ww[3][4]=0.001707850000;
ww[4][4]=0.004466031930;

List sizes:
L(0) = 0.017950353898
L(1) = 0.021000115394
L(2) = 0.038503627609
L(3) = 0.038999721709
L(4) = -0.002738966228
Time for producing the lists:
T(1) = 0.035900707796
T(2) = 0.042000230788
T(3) = 0.042000225915
T(4) = 0.042000234593
Correctness Lemma:
E(2) = 0.000000000161
E(3) = 0.000000000265
E(4) = 0.000000000164
Success probability = -0.002738966228
Complexity = 0.044739200821
