Both-May parameters:
R=0.200000000000;
t=0.243003853809;
r[1]=0.128709100000;
r[2]=0.111337300000;
r[3]=0.153532200000;
r[4]=0.406421400000;
p[0]=0.009020598173;
p[1]=0.018041196345;
p[2]=0.035039292690;
p[3]=0.043544385381;
p[4]=0.045966770762;
ww[1][1]=0.027724384750;
ww[1][2]=0.022557692690;
ww[1][3]=0.028028785381;
ww[1][4]=0.029584770762;
ww[2][2]=0.019515341640;
ww[2][3]=0.024247785381;
ww[2][4]=0.025593170762;
ww[3][3]=0.032579351376;
ww[3][4]=0.034807570762;
ww[4][4]=0.107051570761;

List sizes:
L(0) = 0.043715698377
L(1) = 0.055471006968
L(2) = 0.054584598595
L(3) = 0.053598201965
L(4) = -0.001115672599
Time for producing the lists:
T(1) = 0.060058116649
T(2) = 0.074968607595
T(3) = 0.074968652546
T(4) = 0.074968652551
Correctness Lemma:
E(2) = 0.000000000122
E(3) = 0.000000000005
E(4) = 0.000000000001
Success probability = -0.001115672599
Complexity = 0.076084325150
