Both-May parameters:
R=0.570000000000;
t=0.088071569498;
r[1]=0.017147900000;
r[2]=0.082073900000;
r[3]=0.103817300000;
r[4]=0.226960900000;
p[0]=0.006067395534;
p[1]=0.012134791068;
p[2]=0.024269582136;
p[3]=0.037283964272;
p[4]=0.042662528544;
ww[1][1]=0.000417100000;
ww[1][2]=0.000834200000;
ww[1][3]=0.001217200000;
ww[1][4]=0.001347800000;
ww[2][2]=0.003989098613;
ww[2][3]=0.005821000000;
ww[2][4]=0.006446800000;
ww[3][3]=0.007594019455;
ww[3][4]=0.008305200000;
ww[4][4]=0.029309240954;

List sizes:
L(0) = 0.042356298851
L(1) = 0.070395346846
L(2) = 0.073381533451
L(3) = 0.071489064035
L(4) = -0.004129606957
Time for producing the lists:
T(1) = 0.084712597701
T(2) = 0.081733260135
T(3) = 0.084712602068
T(4) = 0.084712602099
Correctness Lemma:
E(2) = 0.007955882136
E(3) = 0.000000000001
E(4) = 0.000000000018
Success probability = -0.004129606957
Complexity = 0.088842209056
