Both-May parameters:
R=0.320000000000;
t=0.179964783911;
r[1]=0.088248200000;
r[2]=0.096795000000;
r[3]=0.144897400000;
r[4]=0.350059400000;
p[0]=0.008908381976;
p[1]=0.017816763951;
p[2]=0.035626127903;
p[3]=0.048038455806;
p[4]=0.052184111611;
ww[1][1]=0.014752738166;
ww[1][2]=0.009826824610;
ww[1][3]=0.013249449220;
ww[1][4]=0.014392298440;
ww[2][2]=0.010778469133;
ww[2][3]=0.014533200000;
ww[2][4]=0.015786400000;
ww[3][3]=0.022251202813;
ww[3][4]=0.023934698440;
ww[4][4]=0.073667275420;

List sizes:
L(0) = 0.049606593305
L(1) = 0.068431979161
L(2) = 0.069470338161
L(3) = 0.067863471404
L(4) = -0.002405070663
Time for producing the lists:
T(1) = 0.068431979161
T(2) = 0.088852214702
T(3) = 0.088853570239
T(4) = 0.088853570254
Correctness Lemma:
E(2) = 0.000000000087
E(3) = 0.000000000021
E(4) = 0.000000000001
Success probability = -0.002405070663
Complexity = 0.091258640916
