Both-May parameters:
R=0.421000000000;
t=0.138008728566;
r[1]=0.076093500000;
r[2]=0.079106800000;
r[3]=0.122468000000;
r[4]=0.301331700000;
p[0]=0.008533339338;
p[1]=0.017066678675;
p[2]=0.033434306901;
p[3]=0.046845876501;
p[4]=0.051591994755;
ww[1][1]=0.009934923730;
ww[1][2]=0.006010700000;
ww[1][3]=0.008403400000;
ww[1][4]=0.009273600000;
ww[2][2]=0.006308656543;
ww[2][3]=0.008843400000;
ww[2][4]=0.009700700000;
ww[3][3]=0.013257177844;
ww[3][4]=0.014760100000;
ww[4][4]=0.052682333810;

List sizes:
L(0) = 0.051521020947
L(1) = 0.069483104703
L(2) = 0.075326921696
L(3) = 0.073094496778
L(4) = -0.003422405171
Time for producing the lists:
T(1) = 0.069483104703
T(2) = 0.091604394433
T(3) = 0.091606342707
T(4) = 0.091606377808
Correctness Lemma:
E(2) = 0.000009246085
E(3) = 0.000000020316
E(4) = 0.000000001582
Success probability = -0.003422405171
Complexity = 0.095028782979
