Both-May parameters:
R=0.620000000000;
t=0.073814492956;
r[1]=0.022268263573;
r[2]=0.062783839497;
r[3]=0.093564667196;
r[4]=0.201383229734;
p[0]=0.005480511433;
p[1]=0.010961022866;
p[2]=0.021922045731;
p[3]=0.034095134768;
p[4]=0.039054051442;
ww[1][1]=0.000399696730;
ww[1][2]=0.000799393460;
ww[1][3]=0.001243836352;
ww[1][4]=0.001419431052;
ww[2][2]=0.002212961322;
ww[2][3]=0.003440734375;
ww[2][4]=0.003949000000;
ww[3][3]=0.005583916193;
ww[3][4]=0.006198000000;
ww[4][4]=0.023194010462;

List sizes:
L(0) = 0.039742917012
L(1) = 0.060107221435
L(2) = 0.070498474779
L(3) = 0.068548927963
L(4) = -0.004112742779
Time for producing the lists:
T(1) = 0.079485834023
T(2) = 0.071246803591
T(3) = 0.079847418925
T(4) = 0.079847436829
Correctness Lemma:
E(2) = 0.000453175618
E(3) = 0.000000007249
E(4) = 0.000000010096
Success probability = -0.004112742779
Complexity = 0.083960179608
