Both-May parameters:
R=0.990000000000;
t=0.000860207505;
r[1]=0.000359300000;
r[2]=0.000275800000;
r[3]=0.004042826941;
r[4]=0.005322073059;
p[0]=0.000079650000;
p[1]=0.000159300000;
p[2]=0.000314150000;
p[3]=0.000628300000;
p[4]=0.000795700000;
ww[1][1]=0.000359233646;
ww[1][2]=0.000000125000;
ww[1][3]=0.000000250000;
ww[1][4]=0.000000300000;
ww[2][2]=0.000273420892;
ww[2][3]=0.000004400000;
ww[2][4]=0.000001100000;
ww[3][3]=0.003924166377;
ww[3][4]=0.000022400000;
ww[4][4]=0.000040707505;

List sizes:
L(0) = 0.001118608225
L(1) = 0.001878835133
L(2) = 0.003490373993
L(3) = 0.003710119295
L(4) = -0.000113245164
Time for producing the lists:
T(1) = 0.002237216449
T(2) = 0.003757670266
T(3) = 0.003757681839
T(4) = 0.003757683915
Correctness Lemma:
E(2) = 0.000000001410
E(3) = 0.000000000661
E(4) = 0.000000000088
Success probability = -0.000113245164
Complexity = 0.003870929080
