Both-May parameters:
R=0.800000000000;
t=0.031124460305;
r[1]=0.022908700000;
r[2]=0.000000100000;
r[3]=0.066590600000;
r[4]=0.110500600000;
p[0]=0.002770387500;
p[1]=0.005540775000;
p[2]=0.008520750000;
p[3]=0.015997500000;
p[4]=0.020191000000;
ww[1][1]=0.000162884558;
ww[1][2]=0.000245400000;
ww[1][3]=0.000458600000;
ww[1][4]=0.000578700000;
ww[2][2]=0.000000003125;
ww[2][3]=0.000000000000;
ww[2][4]=0.000000000000;
ww[3][3]=0.003782815535;
ww[3][4]=0.002974200000;
ww[4][4]=0.007380560305;

List sizes:
L(0) = 0.023857069624
L(1) = 0.026201922823
L(2) = 0.047111964415
L(3) = 0.047833506309
L(4) = -0.003536458436
Time for producing the lists:
T(1) = 0.047714139248
T(2) = 0.052403845646
T(3) = 0.052403850678
T(4) = 0.052403854516
Correctness Lemma:
E(2) = 0.000000000753
E(3) = 0.000000000248
E(4) = 0.000000000063
Success probability = -0.003536458436
Complexity = 0.055940312952
