Both-May parameters:
R=0.070000000000;
t=0.345516451281;
r[1]=0.075687030290;
r[2]=0.105936236200;
r[3]=0.300804294037;
r[4]=0.447572439473;
p[0]=0.004264225000;
p[1]=0.008528450000;
p[2]=0.017056900000;
p[3]=0.021419300000;
p[4]=0.023002229250;
ww[1][1]=0.020339008835;
ww[1][2]=0.019781800000;
ww[1][3]=0.023945300000;
ww[1][4]=0.025239000000;
ww[2][2]=0.027498647560;
ww[2][3]=0.033426800000;
ww[2][4]=0.035281900000;
ww[3][3]=0.106253302966;
ww[3][4]=0.104772000000;
ww[4][4]=0.157221322030;

List sizes:
L(0) = 0.018711441534
L(1) = 0.025284905416
L(2) = 0.024696955896
L(3) = 0.025030081435
L(4) = -0.000207176438
Time for producing the lists:
T(1) = 0.027408545754
T(2) = 0.036312927848
T(3) = 0.039329584823
T(4) = 0.039329586491
Correctness Lemma:
E(2) = 0.000001293763
E(3) = 0.000000004808
E(4) = 0.000000000347
Success probability = -0.000207176438
Complexity = 0.039536762929
