Both-May parameters:
R=0.860000000000;
t=0.019743866033;
r[1]=0.011721451304;
r[2]=0.000148228111;
r[3]=0.046238432436;
r[4]=0.081891888149;
p[0]=0.001638186987;
p[1]=0.003276373974;
p[2]=0.005568594865;
p[3]=0.011053750250;
p[4]=0.013953963797;
ww[1][1]=0.000044472167;
ww[1][2]=0.000077573360;
ww[1][3]=0.000155146720;
ww[1][4]=0.000196293440;
ww[2][2]=0.000002000000;
ww[2][3]=0.000004000000;
ww[2][4]=0.000004000000;
ww[3][3]=0.001251654092;
ww[3][4]=0.001172000000;
ww[4][4]=0.004417608796;

List sizes:
L(0) = 0.015523519208
L(1) = 0.019747271645
L(2) = 0.037315036290
L(3) = 0.036688396286
L(4) = -0.002912805316
Time for producing the lists:
T(1) = 0.031047038415
T(2) = 0.039494543291
T(3) = 0.039493468301
T(4) = 0.039494437898
Correctness Lemma:
E(2) = 0.000000831533
E(3) = 0.000000525205
E(4) = 0.000000029178
Success probability = -0.002912805316
Complexity = 0.042407348607
