Both-May parameters:
R=0.930000000000;
t=0.008401610530;
r[1]=0.006566286894;
r[2]=0.000210000000;
r[3]=0.021673658528;
r[4]=0.041550054578;
p[0]=0.000822403489;
p[1]=0.001644806978;
p[2]=0.002701641301;
p[3]=0.005234016891;
p[4]=0.006620804196;
ww[1][1]=0.000012250000;
ww[1][2]=0.000024500000;
ww[1][3]=0.000044000000;
ww[1][4]=0.000052000000;
ww[2][2]=0.000098500000;
ww[2][3]=0.000002000000;
ww[2][4]=0.000002000000;
ww[3][3]=0.000302511395;
ww[3][4]=0.000270600000;
ww[4][4]=0.001456206334;

List sizes:
L(0) = 0.008704801379
L(1) = 0.010972032748
L(2) = 0.020325419387
L(3) = 0.020889545575
L(4) = -0.001592072006
Time for producing the lists:
T(1) = 0.017409602758
T(2) = 0.021944065496
T(3) = 0.021284057992
T(4) = 0.021944183412
Correctness Lemma:
E(2) = 0.000000943104
E(3) = 0.000000615551
E(4) = 0.000000147324
Success probability = -0.001592072006
Complexity = 0.023536255418
