Both-May parameters:
R=0.610000000000;
t=0.076576534404;
r[1]=0.027138031902;
r[2]=0.060719440791;
r[3]=0.095729802694;
r[4]=0.206412724613;
p[0]=0.005631076844;
p[1]=0.011262153689;
p[2]=0.022524307378;
p[3]=0.034882215342;
p[4]=0.039948742820;
ww[1][1]=0.001006737585;
ww[1][2]=0.000992151725;
ww[1][3]=0.001541167954;
ww[1][4]=0.001769039709;
ww[2][2]=0.002232773268;
ww[2][3]=0.003459015625;
ww[2][4]=0.003971000000;
ww[3][3]=0.005998735238;
ww[3][4]=0.006601000000;
ww[4][4]=0.024286751875;

List sizes:
L(0) = 0.040479271797
L(1) = 0.060030224753
L(2) = 0.071171667854
L(3) = 0.069302847398
L(4) = -0.004070084790
Time for producing the lists:
T(1) = 0.080958543594
T(2) = 0.073141977377
T(3) = 0.080973108482
T(4) = 0.080973133381
Correctness Lemma:
E(2) = 0.000007488389
E(3) = 0.000000064126
E(4) = 0.000000053834
Success probability = -0.004070084790
Complexity = 0.085043218171