Both-May parameters:
R=0.330000000000;
t=0.175440373705;
r[1]=0.072853000000;
r[2]=0.108897200000;
r[3]=0.142974900000;
r[4]=0.345274900000;
p[0]=0.008873381976;
p[1]=0.017746763952;
p[2]=0.035493527903;
p[3]=0.048077555806;
p[4]=0.052316111611;
ww[1][1]=0.010117641989;
ww[1][2]=0.007836400000;
ww[1][3]=0.010614300000;
ww[1][4]=0.011549800000;
ww[2][2]=0.011712602194;
ww[2][3]=0.015864300000;
ww[2][4]=0.017263100000;
ww[3][3]=0.021312099714;
ww[3][4]=0.022970198440;
ww[4][4]=0.071341163654;

List sizes:
L(0) = 0.049868635449
L(1) = 0.069233100594
L(2) = 0.070288894424
L(3) = 0.068640565505
L(4) = -0.002510838515
Time for producing the lists:
T(1) = 0.069233100594
T(2) = 0.084730228259
T(3) = 0.089448648766
T(4) = 0.089448648771
Correctness Lemma:
E(2) = 0.000000000067
E(3) = 0.000000000007
E(4) = 0.000000000000
Success probability = -0.002510838515
Complexity = 0.091959487286
