Both-May parameters:
R=0.790000000000;
t=0.033160087025;
r[1]=0.018449262086;
r[2]=0.000908000000;
r[3]=0.066934965631;
r[4]=0.123707772283;
p[0]=0.002526805621;
p[1]=0.005053611241;
p[2]=0.008423576559;
p[3]=0.016510658273;
p[4]=0.020748431115;
ww[1][1]=0.000138285870;
ww[1][2]=0.000223175000;
ww[1][3]=0.000430350000;
ww[1][4]=0.000529700000;
ww[2][2]=0.000013000000;
ww[2][3]=0.000026000000;
ww[2][4]=0.000029000000;
ww[3][3]=0.002641987401;
ww[3][4]=0.002630800000;
ww[4][4]=0.009222155910;

List sizes:
L(0) = 0.022050080516
L(1) = 0.026825919541
L(2) = 0.049755276187
L(3) = 0.048584988573
L(4) = -0.004522968388
Time for producing the lists:
T(1) = 0.044100161033
T(2) = 0.053651839082
T(3) = 0.053653096095
T(4) = 0.053653103526
Correctness Lemma:
E(2) = 0.000000426151
E(3) = 0.000000082246
E(4) = 0.000000096463
Success probability = -0.004522968388
Complexity = 0.058176071914
