Both-May parameters:
R=0.431000000000;
t=0.134257558852;
r[1]=0.072629500000;
r[2]=0.076884600000;
r[3]=0.123135100000;
r[4]=0.296350800000;
p[0]=0.008310637500;
p[1]=0.016621275000;
p[2]=0.032720550000;
p[3]=0.046256700000;
p[4]=0.051116000000;
ww[1][1]=0.063229546492;
ww[1][2]=0.005514700000;
ww[1][3]=0.007792900000;
ww[1][4]=0.008612200000;
ww[2][2]=0.071050600197;
ww[2][3]=0.008248900000;
ww[2][4]=0.009116600000;
ww[3][3]=0.109933605035;
ww[3][4]=0.014594200000;
ww[4][4]=0.050818558852;

List sizes:
L(0) = 0.050787111285
L(1) = 0.069316164853
L(2) = 0.075502632676
L(3) = 0.073342873802
L(4) = -0.003484601866
Time for producing the lists:
T(1) = 0.069316164853
T(2) = 0.091539966469
T(3) = 0.091541323528
T(4) = 0.091541323777
Correctness Lemma:
E(2) = 0.000000023437
E(3) = 0.000000000193
E(4) = 0.000000000009
Success probability = -0.003484601866
Complexity = 0.095025925643
