Both-May parameters:
R=0.740000000000;
t=0.043923330154;
r[1]=0.017014924172;
r[2]=0.007125393056;
r[3]=0.084824216554;
r[4]=0.151035466218;
p[0]=0.002770705784;
p[1]=0.005541411569;
p[2]=0.009934049250;
p[3]=0.019424146644;
p[4]=0.024887975449;
ww[1][1]=0.000122321618;
ww[1][2]=0.000228250000;
ww[1][3]=0.000442500000;
ww[1][4]=0.000569000000;
ww[2][2]=0.000313618035;
ww[2][3]=0.000376800000;
ww[2][4]=0.000376800000;
ww[3][3]=0.005581519594;
ww[3][4]=0.004899400000;
ww[4][4]=0.013190154706;

List sizes:
L(0) = 0.023546587402
L(1) = 0.031125014732
L(2) = 0.055476980838
L(3) = 0.055475341758
L(4) = -0.005596774903
Time for producing the lists:
T(1) = 0.047093174804
T(2) = 0.062250029464
T(3) = 0.062248067368
T(4) = 0.062250760505
Correctness Lemma:
E(2) = 0.000000655805
E(3) = 0.000000357784
E(4) = 0.000000096567
Success probability = -0.005596774903
Complexity = 0.067847535409
