Both-May parameters:
R=0.030000000000;
t=0.398388300731;
r[1]=0.003653789631;
r[2]=0.021019230563;
r[3]=0.212347880728;
r[4]=0.732979099078;
p[0]=0.001336129249;
p[1]=0.002672258499;
p[2]=0.005344516998;
p[3]=0.009694343613;
p[4]=0.011050087412;
ww[1][1]=0.000332586928;
ww[1][2]=0.000665173856;
ww[1][3]=0.001177347712;
ww[1][4]=0.001343750723;
ww[2][2]=0.003935432392;
ww[2][3]=0.006906100000;
ww[2][4]=0.007800700000;
ww[3][3]=0.075260031153;
ww[3][4]=0.081301700000;
ww[4][4]=0.296892062596;

List sizes:
L(0) = 0.006500635177
L(1) = 0.010954719102
L(2) = 0.012730421879
L(3) = 0.011897575462
L(4) = -0.000392409634
Time for producing the lists:
T(1) = 0.013001270354
T(2) = 0.015512044587
T(3) = 0.020138005950
T(4) = 0.020138247471
Correctness Lemma:
E(2) = 0.002355901223
E(3) = 0.000000833011
E(4) = 0.000000000303
Success probability = -0.000392409634
Complexity = 0.020530657105
