Both-May parameters:
R=0.530000000000;
t=0.100317108961;
r[1]=0.014515600000;
r[2]=0.095551800000;
r[3]=0.112561300000;
r[4]=0.247371300000;
p[0]=0.006464208034;
p[1]=0.012928416068;
p[2]=0.025856832136;
p[3]=0.039415264272;
p[4]=0.045051328544;
ww[1][1]=0.000430450000;
ww[1][2]=0.000860900000;
ww[1][3]=0.001213200000;
ww[1][4]=0.001323000000;
ww[2][2]=0.005670804750;
ww[2][3]=0.007985200000;
ww[2][4]=0.008708000000;
ww[3][3]=0.009639383929;
ww[3][4]=0.010408000000;
ww[4][4]=0.034826780417;

List sizes:
L(0) = 0.043842386354
L(1) = 0.075965678977
L(2) = 0.074732152653
L(3) = 0.072950118835
L(4) = -0.004090643028
Time for producing the lists:
T(1) = 0.087684772708
T(2) = 0.087526499134
T(3) = 0.087684780469
T(4) = 0.087684780571
Correctness Lemma:
E(2) = 0.012202132136
E(3) = 0.000000000050
E(4) = 0.000000000000
Success probability = -0.004090643028
Complexity = 0.091775423600
