Both-May parameters:
R=0.690000000000;
t=0.055667297832;
r[1]=0.010834986360;
r[2]=0.057026464777;
r[3]=0.076616227629;
r[4]=0.165522321234;
p[0]=0.004306116091;
p[1]=0.008612232183;
p[2]=0.017224464366;
p[3]=0.027612128644;
p[4]=0.032205217496;
ww[1][1]=0.010699586360;
ww[1][2]=0.000270800000;
ww[1][3]=0.000433900000;
ww[1][4]=0.000506100000;
ww[2][2]=0.054748667257;
ww[2][3]=0.003206062500;
ww[2][4]=0.003244300000;
ww[3][3]=0.073458124786;
ww[3][4]=0.003643800000;
ww[4][4]=0.016067880336;

List sizes:
L(0) = 0.033405639425
L(1) = 0.057026450651
L(2) = 0.064008753387
L(3) = 0.062183780131
L(4) = -0.004117021042
Time for producing the lists:
T(1) = 0.066811278851
T(2) = 0.070828548119
T(3) = 0.070828558321
T(4) = 0.070828558358
Correctness Lemma:
E(2) = 0.006660278006
E(3) = 0.000000000045
E(4) = 0.000000000001
Success probability = -0.004117021042
Complexity = 0.074945579400
