Both-May parameters:
R=0.550000000000;
t=0.094097243346;
r[1]=0.015131600000;
r[2]=0.090546700000;
r[3]=0.107223300000;
r[4]=0.237098400000;
p[0]=0.006274670534;
p[1]=0.012549341068;
p[2]=0.025098682136;
p[3]=0.038398364272;
p[4]=0.043917728544;
ww[1][1]=0.000420750000;
ww[1][2]=0.000841500000;
ww[1][3]=0.001188200000;
ww[1][4]=0.001297800000;
ww[2][2]=0.005037864381;
ww[2][3]=0.007108700000;
ww[2][4]=0.007766100000;
ww[3][3]=0.008385843346;
ww[3][4]=0.009174100000;
ww[4][4]=0.031941514802;

List sizes:
L(0) = 0.043168839361
L(1) = 0.073979202481
L(2) = 0.074221727717
L(3) = 0.072364726354
L(4) = -0.004080988869
Time for producing the lists:
T(1) = 0.086337678722
T(2) = 0.085470456378
T(3) = 0.086337691748
T(4) = 0.086337691823
Correctness Lemma:
E(2) = 0.010808582136
E(3) = 0.000000000059
E(4) = 0.000000000001
Success probability = -0.004080988869
Complexity = 0.090418680692
