Both-May parameters:
R=0.490000000000;
t=0.113370689941;
r[1]=0.059885093789;
r[2]=0.070249985438;
r[3]=0.112701262526;
r[4]=0.267163658247;
p[0]=0.007553550000;
p[1]=0.015107100000;
p[2]=0.029967400000;
p[3]=0.043458200000;
p[4]=0.048499177088;
ww[1][1]=0.006924063171;
ww[1][2]=0.003680200000;
ww[1][3]=0.005331200000;
ww[1][4]=0.005941000000;
ww[2][2]=0.004326088107;
ww[2][3]=0.006262000000;
ww[2][4]=0.006969600000;
ww[3][3]=0.009900716693;
ww[3][4]=0.011094400000;
ww[4][4]=0.040866512854;

List sizes:
L(0) = 0.048642643239
L(1) = 0.068339558392
L(2) = 0.075951891885
L(3) = 0.073663178536
L(4) = -0.003884934301
Time for producing the lists:
T(1) = 0.068339558392
T(2) = 0.089870885348
T(3) = 0.089879789574
T(4) = 0.089879837180
Correctness Lemma:
E(2) = 0.000021379794
E(3) = 0.000000041447
E(4) = 0.000000001827
Success probability = -0.003884934301
Complexity = 0.093764771481
