Both-May parameters:
R=0.760000000000;
t=0.039501087638;
r[1]=0.021495098301;
r[2]=0.001504000000;
r[3]=0.075681540580;
r[4]=0.141319361119;
p[0]=0.002929081958;
p[1]=0.005858163915;
p[2]=0.009696436006;
p[3]=0.018886983359;
p[4]=0.023730379814;
ww[1][1]=0.000180613962;
ww[1][2]=0.000278350000;
ww[1][3]=0.000539700000;
ww[1][4]=0.000670100000;
ww[2][2]=0.000043503906;
ww[2][3]=0.000053000000;
ww[2][4]=0.000057000000;
ww[3][3]=0.003425583735;
ww[3][4]=0.003392000000;
ww[4][4]=0.011651607824;

List sizes:
L(0) = 0.024769862182
L(1) = 0.029549424163
L(2) = 0.054342847479
L(3) = 0.052997907383
L(4) = -0.004945723326
Time for producing the lists:
T(1) = 0.049539724365
T(2) = 0.059098848325
T(3) = 0.059099725250
T(4) = 0.059099827789
Correctness Lemma:
E(2) = 0.000000333870
E(3) = 0.000000020218
E(4) = 0.000000018559
Success probability = -0.004945723326
Complexity = 0.064045551115
