Both-May parameters:
R=0.690000000000;
t=0.055667297832;
r[1]=0.009731067051;
r[2]=0.056405168001;
r[3]=0.078266829167;
r[4]=0.165596935781;
p[0]=0.004170360370;
p[1]=0.008340720740;
p[2]=0.016681441480;
p[3]=0.026931270164;
p[4]=0.031648762302;
ww[1][1]=0.000137609412;
ww[1][2]=0.000275218824;
ww[1][3]=0.000433437648;
ww[1][4]=0.000488875297;
ww[2][2]=0.002385078105;
ww[2][3]=0.003291906250;
ww[2][4]=0.003292000000;
ww[3][3]=0.003729649400;
ww[3][4]=0.004053000000;
ww[4][4]=0.016184660233;

List sizes:
L(0) = 0.032546412055
L(1) = 0.056404340019
L(2) = 0.063279800369
L(3) = 0.061986176269
L(4) = -0.004310294273
Time for producing the lists:
T(1) = 0.065092824109
T(2) = 0.070655481218
T(3) = 0.070661433891
T(4) = 0.070661453900
Correctness Lemma:
E(2) = 0.007225593253
E(3) = 0.000000167217
E(4) = 0.000000020893
Success probability = -0.004310294273
Complexity = 0.074971748172
