Both-May parameters:
R=0.680000000000;
t=0.058135835815;
r[1]=0.011776563041;
r[2]=0.059330980075;
r[3]=0.078229847833;
r[4]=0.170662609051;
p[0]=0.004567937956;
p[1]=0.009135875912;
p[2]=0.018271751823;
p[3]=0.028970352436;
p[4]=0.033508677230;
ww[1][1]=0.011618313041;
ww[1][2]=0.000316500000;
ww[1][3]=0.000501600000;
ww[1][4]=0.000580300000;
ww[2][2]=0.057258393525;
ww[2][3]=0.003053140625;
ww[2][4]=0.003269100000;
ww[3][3]=0.074986078247;
ww[3][4]=0.003792300000;
ww[4][4]=0.016985458585;

List sizes:
L(0) = 0.034948415532
L(1) = 0.059330963971
L(2) = 0.065303748317
L(3) = 0.063280219813
L(4) = -0.004072170345
Time for producing the lists:
T(1) = 0.069896831064
T(2) = 0.072298042487
T(3) = 0.072298105665
T(4) = 0.072298105721
Correctness Lemma:
E(2) = 0.006811688782
E(3) = 0.000000000170
E(4) = 0.000000000002
Success probability = -0.004072170345
Complexity = 0.076370276066
