Both-May parameters:
R=0.020000000000;
t=0.416937481940;
r[1]=0.003186924596;
r[2]=0.020195252709;
r[3]=0.209722675001;
r[4]=0.746895147694;
p[0]=0.001044230408;
p[1]=0.002088460815;
p[2]=0.004176921630;
p[3]=0.007194943260;
p[4]=0.007953731412;
ww[1][1]=0.000336932950;
ww[1][2]=0.000673865901;
ww[1][3]=0.001141972712;
ww[1][4]=0.001265350723;
ww[2][2]=0.004290353781;
ww[2][3]=0.007234300000;
ww[2][4]=0.008018200000;
ww[3][3]=0.079185064994;
ww[3][4]=0.084891800000;
ww[4][4]=0.314808399805;

List sizes:
L(0) = 0.004828615118
L(1) = 0.008021957249
L(2) = 0.008843324370
L(3) = 0.008311537020
L(4) = -0.000187810970
Time for producing the lists:
T(1) = 0.009657230237
T(2) = 0.011213767967
T(3) = 0.014441899942
T(4) = 0.014442031228
Correctness Lemma:
E(2) = 0.001663862935
E(3) = 0.000000015160
E(4) = 0.000000000010
Success probability = -0.000187810970
Complexity = 0.014629842199