Both-May parameters:
R=0.410000000000;
t=0.142210976498;
r[1]=0.079822300000;
r[2]=0.079702000000;
r[3]=0.123801100000;
r[4]=0.306674600000;
p[0]=0.008704937500;
p[1]=0.017409875000;
p[2]=0.033930250000;
p[3]=0.047263800000;
p[4]=0.051930700000;
ww[1][1]=0.010619561636;
ww[1][2]=0.006608600000;
ww[1][3]=0.009202600000;
ww[1][4]=0.010110700000;
ww[2][2]=0.006597434734;
ww[2][3]=0.009187100000;
ww[2][4]=0.010094500000;
ww[3][3]=0.013810380481;
ww[3][4]=0.015370300000;
ww[4][4]=0.054704776498;

List sizes:
L(0) = 0.051962100836
L(1) = 0.069258728691
L(2) = 0.075031595673
L(3) = 0.072807944118
L(4) = -0.003312282324
Time for producing the lists:
T(1) = 0.069258728691
T(2) = 0.091643660041
T(3) = 0.091644410705
T(4) = 0.091644410760
Correctness Lemma:
E(2) = 0.000000000188
E(3) = 0.000000000013
E(4) = 0.000000000002
Success probability = -0.003312282324
Complexity = 0.094956693084
