Both-May parameters:
R=0.820000000000;
t=0.027171033169;
r[1]=0.007343000000;
r[2]=0.030467100000;
r[3]=0.049237700000;
r[4]=0.092952200000;
p[0]=0.002065158034;
p[1]=0.004130316068;
p[2]=0.008260632136;
p[3]=0.014578864272;
p[4]=0.018101628544;
ww[1][1]=0.007305600000;
ww[1][2]=0.000074800000;
ww[1][3]=0.000131800000;
ww[1][4]=0.000163100000;
ww[2][2]=0.026946999598;
ww[2][3]=0.004187800000;
ww[2][4]=0.001887400000;
ww[3][3]=0.048306021422;
ww[3][4]=0.001131000000;
ww[4][4]=0.005887904625;

List sizes:
L(0) = 0.018735699015
L(1) = 0.030467099996
L(2) = 0.045177337863
L(3) = 0.043766308125
L(4) = -0.003823962218
Time for producing the lists:
T(1) = 0.037471398031
T(2) = 0.046200212533
T(3) = 0.047849221172
T(4) = 0.047849221214
Correctness Lemma:
E(2) = 0.000992432136
E(3) = 0.000000000054
E(4) = 0.000000000095
Success probability = -0.003823962218
Complexity = 0.051673183432
