Both-May parameters:
R=0.540000000000;
t=0.097182448464;
r[1]=0.014586300000;
r[2]=0.095848800000;
r[3]=0.107220300000;
r[4]=0.242344600000;
p[0]=0.006366108034;
p[1]=0.012732216068;
p[2]=0.025464432136;
p[3]=0.038860464272;
p[4]=0.044447328544;
ww[1][1]=0.000448150000;
ww[1][2]=0.000896300000;
ww[1][3]=0.001224300000;
ww[1][4]=0.001315900000;
ww[2][2]=0.005926565947;
ww[2][3]=0.008070900000;
ww[2][4]=0.008664100000;
ww[3][3]=0.008464397286;
ww[3][4]=0.009317400000;
ww[4][4]=0.033437719920;

List sizes:
L(0) = 0.043492967855
L(1) = 0.075287868469
L(2) = 0.074566747102
L(3) = 0.072617962157
L(4) = -0.004142254373
Time for producing the lists:
T(1) = 0.086985935710
T(2) = 0.086985931065
T(3) = 0.086985936689
T(4) = 0.086985936952
Correctness Lemma:
E(2) = 0.011774432136
E(3) = 0.000000000124
E(4) = 0.000000000009
Success probability = -0.004142254373
Complexity = 0.091128191325
