Both-May parameters:
R=0.730000000000;
t=0.046193115638;
r[1]=0.024804049077;
r[2]=0.002066000000;
r[3]=0.084211514415;
r[4]=0.158918436508;
p[0]=0.003342092737;
p[1]=0.006684185474;
p[2]=0.010920084406;
p[3]=0.021098823972;
p[4]=0.026376012636;
ww[1][1]=0.000228364842;
ww[1][2]=0.000361250000;
ww[1][3]=0.000693500000;
ww[1][4]=0.000872000000;
ww[2][2]=0.000079750000;
ww[2][3]=0.000098000000;
ww[2][4]=0.000102000000;
ww[3][3]=0.004354364847;
ww[3][4]=0.004340800000;
ww[4][4]=0.014502303002;

List sizes:
L(0) = 0.027428791435
L(1) = 0.031925925581
L(2) = 0.058181357512
L(3) = 0.056643808256
L(4) = -0.005557436102
Time for producing the lists:
T(1) = 0.054857582870
T(2) = 0.063851851162
T(3) = 0.063852577352
T(4) = 0.063852631359
Correctness Lemma:
E(2) = 0.000000270524
E(3) = 0.000000253911
E(4) = 0.000000018136
Success probability = -0.005557436102
Complexity = 0.069410067461
