Both-May parameters:
R=0.950000000000;
t=0.005607170053;
r[1]=0.003815015028;
r[2]=0.000000000000;
r[3]=0.018116926941;
r[4]=0.028068058031;
p[0]=0.000537950000;
p[1]=0.001075900000;
p[2]=0.001882725000;
p[3]=0.003762250000;
p[4]=0.004741543970;
ww[1][1]=0.000003929878;
ww[1][2]=0.000005999885;
ww[1][3]=0.000010666462;
ww[1][4]=0.000014489963;
ww[2][2]=0.000000000000;
ww[2][3]=0.000000000000;
ww[2][4]=0.000000000000;
ww[3][3]=0.000342385641;
ww[3][4]=0.000205950000;
ww[4][4]=0.000645186120;

List sizes:
L(0) = 0.006040165808
L(1) = 0.008309979413
L(2) = 0.015867928190
L(3) = 0.016063997084
L(4) = -0.000725800017
Time for producing the lists:
T(1) = 0.012080331616
T(2) = 0.016619958827
T(3) = 0.016619801782
T(4) = 0.016619968154
Correctness Lemma:
E(2) = 0.000000064874
E(3) = 0.000000168261
E(4) = 0.000000003710
Success probability = -0.000725800017
Complexity = 0.017345768171
