Both-May parameters:
R=0.830000000000;
t=0.025253711475;
r[1]=0.015651758562;
r[2]=0.000866938815;
r[3]=0.054485860279;
r[4]=0.098995442344;
p[0]=0.002088706267;
p[1]=0.004177412534;
p[2]=0.006892633599;
p[3]=0.013490250164;
p[4]=0.016953977775;
ww[1][1]=0.000076192270;
ww[1][2]=0.000122053083;
ww[1][3]=0.000244106166;
ww[1][4]=0.000312212332;
ww[2][2]=0.000243397332;
ww[2][3]=0.000028000000;
ww[2][4]=0.000028000000;
ww[3][3]=0.001858490921;
ww[3][4]=0.001747000000;
ww[4][4]=0.006212521368;

List sizes:
L(0) = 0.018951701441
L(1) = 0.022946642945
L(2) = 0.042797753453
L(3) = 0.042158707990
L(4) = -0.003596058167
Time for producing the lists:
T(1) = 0.037903402883
T(2) = 0.045893285891
T(3) = 0.045892574539
T(4) = 0.045893596236
Correctness Lemma:
E(2) = 0.000001708450
E(3) = 0.000000677034
E(4) = 0.000000078722
Success probability = -0.003596058167
Complexity = 0.049489654403
