Both-May parameters:
R=0.090000000000;
t=0.325250447385;
r[1]=0.075827626352;
r[2]=0.106118748781;
r[3]=0.301729310137;
r[4]=0.426324314730;
p[0]=0.004925966298;
p[1]=0.009851932596;
p[2]=0.019703865192;
p[3]=0.024857439027;
p[4]=0.027208827872;
ww[1][1]=0.018971324631;
ww[1][2]=0.018524500000;
ww[1][3]=0.022361900000;
ww[1][4]=0.023655600000;
ww[2][2]=0.024425292111;
ww[2][3]=0.030255100000;
ww[2][4]=0.032591800000;
ww[3][3]=0.103423012275;
ww[3][4]=0.100125400000;
ww[4][4]=0.141668819513;

List sizes:
L(0) = 0.022423630506
L(1) = 0.030559770661
L(2) = 0.029708056437
L(3) = 0.030534928577
L(4) = -0.000429906094
Time for producing the lists:
T(1) = 0.032353068737
T(2) = 0.042369022231
T(3) = 0.046774565785
T(4) = 0.046774565989
Correctness Lemma:
E(2) = 0.000014937284
E(3) = 0.000000037292
E(4) = 0.000000001280
Success probability = -0.000429906094
Complexity = 0.047204472083
