Both-May parameters:
R=0.448000000000;
t=0.128026172741;
r[1]=0.054284300000;
r[2]=0.090737600000;
r[3]=0.119009700000;
r[4]=0.287968400000;
p[0]=0.008039262500;
p[1]=0.016078525000;
p[2]=0.032157050000;
p[3]=0.045689800000;
p[4]=0.050583700000;
ww[1][1]=0.048865050225;
ww[1][2]=0.003893550000;
ww[1][3]=0.005531900000;
ww[1][4]=0.006125700000;
ww[2][2]=0.084223625067;
ww[2][3]=0.009255000000;
ww[2][4]=0.010245700000;
ww[3][3]=0.107103450991;
ww[3][4]=0.013283300000;
ww[4][4]=0.047787772741;

List sizes:
L(0) = 0.049978346924
L(1) = 0.071102378276
L(2) = 0.075888023200
L(3) = 0.073629385092
L(4) = -0.003602327805
Time for producing the lists:
T(1) = 0.071102378276
T(2) = 0.085272829018
T(3) = 0.091277770930
T(4) = 0.091277771505
Correctness Lemma:
E(2) = 0.000000008880
E(3) = 0.000000000872
E(4) = 0.000000000008
Success probability = -0.003602327805
Complexity = 0.094880099310
