Both-May parameters:
R=0.810000000000;
t=0.029128040978;
r[1]=0.019626841372;
r[2]=0.000007000000;
r[3]=0.062351976898;
r[4]=0.108014181730;
p[0]=0.002468856457;
p[1]=0.004937712914;
p[2]=0.007861487768;
p[3]=0.015088545238;
p[4]=0.018964242268;
ww[1][1]=0.000144384468;
ww[1][2]=0.000212933358;
ww[1][3]=0.000410866716;
ww[1][4]=0.000498733432;
ww[2][2]=0.000000000000;
ww[2][3]=0.000000000000;
ww[2][4]=0.000000000000;
ww[3][3]=0.002820230950;
ww[3][4]=0.002437000000;
ww[4][4]=0.007228065277;

List sizes:
L(0) = 0.021716614235
L(1) = 0.025037141103
L(2) = 0.045917436857
L(3) = 0.045733421596
L(4) = -0.003773583440
Time for producing the lists:
T(1) = 0.043433228470
T(2) = 0.050074282206
T(3) = 0.050075177633
T(4) = 0.050075327701
Correctness Lemma:
E(2) = 0.000000180789
E(3) = 0.000000578828
E(4) = 0.000000011463
Success probability = -0.003773583440
Complexity = 0.053848911141
