Both-May parameters:
R=0.960000000000;
t=0.004300705708;
r[1]=0.003061841090;
r[2]=0.000047000000;
r[3]=0.016424183980;
r[4]=0.020466974930;
p[0]=0.000349521443;
p[1]=0.000699042886;
p[2]=0.001395403880;
p[3]=0.002748691520;
p[4]=0.003695530950;
ww[1][1]=0.000377503884;
ww[1][2]=0.000002000000;
ww[1][3]=0.000004000000;
ww[1][4]=0.000008000000;
ww[2][2]=0.000000000000;
ww[2][3]=0.000000000000;
ww[2][4]=0.000000000000;
ww[3][3]=0.001072490753;
ww[3][4]=0.000231600000;
ww[4][4]=0.000365574757;

List sizes:
L(0) = 0.004147284212
L(1) = 0.006882304273
L(2) = 0.012080249175
L(3) = 0.013410036902
L(4) = -0.000555116287
Time for producing the lists:
T(1) = 0.008294568425
T(2) = 0.013764608545
T(3) = 0.013801389146
T(4) = 0.013800851183
Correctness Lemma:
E(2) = 0.000009941214
E(3) = 0.000000046688
E(4) = 0.000000222827
Success probability = -0.000555116287
Complexity = 0.014356505433
