Both-May parameters:
R=0.650000000000;
t=0.065786706355;
r[1]=0.013691090458;
r[2]=0.064377929385;
r[3]=0.086009421781;
r[4]=0.185921558376;
p[0]=0.005080208034;
p[1]=0.010160416068;
p[2]=0.020320832136;
p[3]=0.031829664272;
p[4]=0.036537170379;
ww[1][1]=0.000219340601;
ww[1][2]=0.000438681202;
ww[1][3]=0.000679654453;
ww[1][4]=0.000774780109;
ww[2][2]=0.002037039744;
ww[2][3]=0.003192750000;
ww[2][4]=0.003650000000;
ww[3][3]=0.004319868129;
ww[3][4]=0.004897000000;
ww[4][4]=0.019927755867;

List sizes:
L(0) = 0.037749849725
L(1) = 0.063430632082
L(2) = 0.068217386884
L(3) = 0.066163300915
L(4) = -0.004075158709
Time for producing the lists:
T(1) = 0.075499699451
T(2) = 0.075523741612
T(3) = 0.076314586990
T(4) = 0.076314645840
Correctness Lemma:
E(2) = 0.007068422880
E(3) = 0.000000020987
E(4) = 0.000000000051
Success probability = -0.004075158709
Complexity = 0.080389804549
