Both-May parameters:
R=0.170000000000;
t=0.262167783240;
r[1]=0.132815091419;
r[2]=0.123700354776;
r[3]=0.153066331022;
r[4]=0.420418222783;
p[0]=0.008987845998;
p[1]=0.017975691996;
p[2]=0.034494477760;
p[3]=0.041297266511;
p[4]=0.042944670217;
ww[1][1]=0.029187419343;
ww[1][2]=0.025510050000;
ww[1][3]=0.031342100000;
ww[1][4]=0.033054600000;
ww[2][2]=0.024225070739;
ww[2][3]=0.029470800000;
ww[2][4]=0.030932800000;
ww[3][3]=0.035348657270;
ww[3][4]=0.037682100000;
ww[4][4]=0.117553613023;

List sizes:
L(0) = 0.041388990241
L(1) = 0.050866323378
L(2) = 0.049196859927
L(3) = 0.048414565745
L(4) = -0.000833402712
Time for producing the lists:
T(1) = 0.056767552594
T(2) = 0.069113548640
T(3) = 0.069128754921
T(4) = 0.069128796144
Correctness Lemma:
E(2) = 0.000005003668
E(3) = 0.000000110279
E(4) = 0.000000000342
Success probability = -0.000833402712
Complexity = 0.069962198856
