Both-May parameters:
R=0.441000000000;
t=0.130570240362;
r[1]=0.054805500000;
r[2]=0.091572000000;
r[3]=0.121201500000;
r[4]=0.291421000000;
p[0]=0.008081712500;
p[1]=0.016163425000;
p[2]=0.032326850000;
p[3]=0.045881200000;
p[4]=0.050778100000;
ww[1][1]=0.049273284162;
ww[1][2]=0.004022500000;
ww[1][3]=0.005707300000;
ww[1][4]=0.006313700000;
ww[2][2]=0.084865769540;
ww[2][3]=0.009522000000;
ww[2][4]=0.010539500000;
ww[3][3]=0.108655153351;
ww[3][4]=0.013914500000;
ww[4][4]=0.049024440362;

List sizes:
L(0) = 0.049992674581
L(1) = 0.071046774706
L(2) = 0.075724428240
L(3) = 0.073526062972
L(4) = -0.003556920045
Time for producing the lists:
T(1) = 0.071046774706
T(2) = 0.085124766901
T(3) = 0.091404649386
T(4) = 0.091404650114
Correctness Lemma:
E(2) = 0.000000000324
E(3) = 0.000000000669
E(4) = 0.000000000013
Success probability = -0.003556920045
Complexity = 0.094961570159
