Both-May parameters:
R=0.440000000000;
t=0.130936149337;
r[1]=0.055931500000;
r[2]=0.090912800000;
r[3]=0.121254700000;
r[4]=0.291901000000;
p[0]=0.008096687500;
p[1]=0.016193375000;
p[2]=0.032386750000;
p[3]=0.045940500000;
p[4]=0.050831600000;
ww[1][1]=0.005811796472;
ww[1][2]=0.004117300000;
ww[1][3]=0.005840000000;
ww[1][4]=0.006461600000;
ww[2][2]=0.006694394875;
ww[2][3]=0.009493400000;
ww[2][4]=0.010503600000;
ww[3][3]=0.012572375641;
ww[3][4]=0.013949000000;
ww[4][4]=0.049190349337;

List sizes:
L(0) = 0.050036260042
L(1) = 0.071058967226
L(2) = 0.075721389247
L(3) = 0.073517924642
L(4) = -0.003543774061
Time for producing the lists:
T(1) = 0.071058967226
T(2) = 0.085692529768
T(3) = 0.091427062964
T(4) = 0.091427063016
Correctness Lemma:
E(2) = 0.000000000033
E(3) = 0.000000000006
E(4) = 0.000000000001
Success probability = -0.003543774061
Complexity = 0.094970837076
