Both-May parameters:
R=0.960000000000;
t=0.004300705708;
r[1]=0.001728800000;
r[2]=0.001303900000;
r[3]=0.015091926941;
r[4]=0.021875373059;
p[0]=0.000358446498;
p[1]=0.000716892996;
p[2]=0.001395035992;
p[3]=0.002790071985;
p[4]=0.003618543970;
ww[1][1]=0.001727455136;
ww[1][2]=0.000002550000;
ww[1][3]=0.000005100000;
ww[1][4]=0.000006600000;
ww[2][2]=0.001250173164;
ww[2][3]=0.000055600000;
ww[2][4]=0.000019700000;
ww[3][3]=0.014557692814;
ww[3][4]=0.000206600000;
ww[4][4]=0.000449261738;

List sizes:
L(0) = 0.004240141452
L(1) = 0.006767312261
L(2) = 0.012479629221
L(3) = 0.013119315650
L(4) = -0.000710013874
Time for producing the lists:
T(1) = 0.008480282904
T(2) = 0.013534624523
T(3) = 0.013534623357
T(4) = 0.013534625081
Correctness Lemma:
E(2) = 0.000000000737
E(3) = 0.000000000144
E(4) = 0.000000000056
Success probability = -0.000710013874
Complexity = 0.014244638955
