Both-May parameters:
R=0.770000000000;
t=0.037348457327;
r[1]=0.007190200000;
r[2]=0.041092500000;
r[3]=0.059826900000;
r[4]=0.121890400000;
p[0]=0.002800558034;
p[1]=0.005601116068;
p[2]=0.011202232136;
p[3]=0.019083464272;
p[4]=0.023275128544;
ww[1][1]=0.007137900000;
ww[1][2]=0.000104600000;
ww[1][3]=0.000178000000;
ww[1][4]=0.000217200000;
ww[2][2]=0.037849542896;
ww[2][3]=0.004021100000;
ww[2][4]=0.002560600000;
ww[3][3]=0.001597786961;
ww[3][4]=0.001892700000;
ww[4][4]=0.009402828783;

List sizes:
L(0) = 0.023917984898
L(1) = 0.041092438599
L(2) = 0.053285458537
L(3) = 0.051697833794
L(4) = -0.004304545952
Time for producing the lists:
T(1) = 0.047835969796
T(2) = 0.057461855228
T(3) = 0.057461882663
T(4) = 0.057461882835
Correctness Lemma:
E(2) = 0.004116632136
E(3) = 0.000000000301
E(4) = 0.000000000088
Success probability = -0.004304545952
Complexity = 0.061766428787
