Both-May parameters:
R=0.870000000000;
t=0.017989801480;
r[1]=0.011686405352;
r[2]=0.000375884712;
r[3]=0.043161492685;
r[4]=0.074776217250;
p[0]=0.001566087500;
p[1]=0.003132175000;
p[2]=0.005224350000;
p[3]=0.010292700000;
p[4]=0.012983645620;
ww[1][1]=0.000044563894;
ww[1][2]=0.000077791251;
ww[1][3]=0.000138295558;
ww[1][4]=0.000174263689;
ww[2][2]=0.000159341027;
ww[2][3]=0.000009787697;
ww[2][4]=0.000009787697;
ww[3][3]=0.001277033811;
ww[3][4]=0.001117000000;
ww[4][4]=0.003705104475;

List sizes:
L(0) = 0.014968353758
L(1) = 0.018672530848
L(2) = 0.035049840621
L(3) = 0.034873886659
L(4) = -0.002523115775
Time for producing the lists:
T(1) = 0.029936707516
T(2) = 0.037345061696
T(3) = 0.037342991888
T(4) = 0.037345350277
Correctness Lemma:
E(2) = 0.000000029516
E(3) = 0.000000248968
E(4) = 0.000000052931
Success probability = -0.002523115775
Complexity = 0.039868466052
