Both-May parameters:
R=0.670000000000;
t=0.060644993674;
r[1]=0.014788663041;
r[2]=0.057639680075;
r[3]=0.081817547833;
r[4]=0.175754109051;
p[0]=0.004655812956;
p[1]=0.009311625912;
p[2]=0.018623251823;
p[3]=0.029531252436;
p[4]=0.034181077230;
ww[1][1]=0.000217975178;
ww[1][2]=0.000435950356;
ww[1][3]=0.000682900712;
ww[1][4]=0.000781687946;
ww[2][2]=0.002069201557;
ww[2][3]=0.003072640625;
ww[2][4]=0.003308000000;
ww[3][3]=0.003868298525;
ww[3][4]=0.004371000000;
ww[4][4]=0.018003228498;

List sizes:
L(0) = 0.035391661315
L(1) = 0.057633003355
L(2) = 0.066024727311
L(3) = 0.064187594170
L(4) = -0.004162677627
Time for producing the lists:
T(1) = 0.070783322629
T(2) = 0.070489311473
T(3) = 0.073601780387
T(4) = 0.073601829625
Correctness Lemma:
E(2) = 0.004270539138
E(3) = 0.000000039964
E(4) = 0.000000004994
Success probability = -0.004162677627
Complexity = 0.077764507251
