Both-May parameters:
R=0.446000000000;
t=0.128749977366;
r[1]=0.054486300000;
r[2]=0.090809000000;
r[3]=0.119740900000;
r[4]=0.288963800000;
p[0]=0.008044212500;
p[1]=0.016088425000;
p[2]=0.032176850000;
p[3]=0.045715600000;
p[4]=0.050619300000;
ww[1][1]=0.049011673708;
ww[1][2]=0.003940950000;
ww[1][3]=0.005590700000;
ww[1][4]=0.006187900000;
ww[2][2]=0.084255762508;
ww[2][3]=0.009310400000;
ww[2][4]=0.010307500000;
ww[3][3]=0.012124659952;
ww[3][4]=0.013488300000;
ww[4][4]=0.048146977366;

List sizes:
L(0) = 0.049948962006
L(1) = 0.071047765648
L(2) = 0.075821261919
L(3) = 0.073596882671
L(4) = -0.003593573694
Time for producing the lists:
T(1) = 0.071047765648
T(2) = 0.085244720332
T(3) = 0.091312754209
T(4) = 0.091312755076
Correctness Lemma:
E(2) = 0.000000016548
E(3) = 0.000000000010
E(4) = 0.000000000017
Success probability = -0.003593573694
Complexity = 0.094906328770
