Both-May parameters:
R=0.720000000000;
t=0.048502196476;
r[1]=0.032606200000;
r[2]=0.000001000000;
r[3]=0.088950400000;
r[4]=0.158442400000;
p[0]=0.003921744897;
p[1]=0.007843489795;
p[2]=0.011816251113;
p[3]=0.022044571023;
p[4]=0.027421383359;
ww[1][1]=0.000392450928;
ww[1][2]=0.000597350000;
ww[1][3]=0.001088700000;
ww[1][4]=0.001308300000;
ww[2][2]=0.000000000000;
ww[2][3]=0.000000000000;
ww[2][4]=0.000000000000;
ww[3][3]=0.005735252539;
ww[3][4]=0.005248000000;
ww[4][4]=0.014524513116;

List sizes:
L(0) = 0.031198130031
L(1) = 0.032855285488
L(2) = 0.058660561452
L(3) = 0.058195801723
L(4) = -0.005195301547
Time for producing the lists:
T(1) = 0.032855285488
T(2) = 0.065710570976
T(3) = 0.065709823437
T(4) = 0.065710606998
Correctness Lemma:
E(2) = 0.000000294302
E(3) = 0.000000571785
E(4) = 0.000000095987
Success probability = -0.005195301547
Complexity = 0.070905908545
