Both-May parameters:
R=0.700000000000;
t=0.053239040777;
r[1]=0.010272667051;
r[2]=0.054978768001;
r[3]=0.074384829167;
r[4]=0.160363735781;
p[0]=0.004095310370;
p[1]=0.008190620740;
p[2]=0.016381241480;
p[3]=0.026454270164;
p[4]=0.031039962302;
ww[1][1]=0.010152567051;
ww[1][2]=0.000240200000;
ww[1][3]=0.000387800000;
ww[1][4]=0.000455200000;
ww[2][2]=0.052557692668;
ww[2][3]=0.003321906250;
ww[2][4]=0.003190600000;
ww[3][3]=0.071472549432;
ww[3][4]=0.003370600000;
ww[4][4]=0.015182678475;

List sizes:
L(0) = 0.032154164902
L(1) = 0.054978767145
L(2) = 0.062810168389
L(3) = 0.061024810375
L(4) = -0.004174324186
Time for producing the lists:
T(1) = 0.064308329804
T(2) = 0.069300897100
T(3) = 0.069300928903
T(4) = 0.069300928909
Correctness Lemma:
E(2) = 0.006348774429
E(3) = 0.000000000440
E(4) = 0.000000000069
Success probability = -0.004174324186
Complexity = 0.073475253095
