Both-May parameters:
R=0.280000000000;
t=0.199038041039;
r[1]=0.081340800000;
r[2]=0.127299500000;
r[3]=0.142297600000;
r[4]=0.369062100000;
p[0]=0.009201498173;
p[1]=0.018402996345;
p[2]=0.036805992691;
p[3]=0.047949385381;
p[4]=0.051432470762;
ww[1][1]=0.012637143307;
ww[1][2]=0.010695700000;
ww[1][3]=0.013931600000;
ww[1][4]=0.014942600000;
ww[2][2]=0.016741800556;
ww[2][3]=0.021804985381;
ww[2][4]=0.023386570762;
ww[3][3]=0.023632420299;
ww[3][4]=0.025685670762;
ww[4][4]=0.083590728753;

List sizes:
L(0) = 0.048966918077
L(1) = 0.067275986787
L(2) = 0.065715009869
L(3) = 0.064152580151
L(4) = -0.001975826002
Time for producing the lists:
T(1) = 0.067275986787
T(2) = 0.083596055197
T(3) = 0.085679489611
T(4) = 0.085679489615
Correctness Lemma:
E(2) = 0.000000000162
E(3) = 0.000000000007
E(4) = 0.000000000003
Success probability = -0.001975826002
Complexity = 0.087655315617
