Both-May parameters:
R=0.439000000000;
t=0.131302681028;
r[1]=0.055795900000;
r[2]=0.090799000000;
r[3]=0.122016100000;
r[4]=0.292389000000;
p[0]=0.008083587500;
p[1]=0.016167175000;
p[2]=0.032334350000;
p[3]=0.045926700000;
p[4]=0.050833200000;
ww[1][1]=0.050002378675;
ww[1][2]=0.004118600000;
ww[1][3]=0.005838000000;
ww[1][4]=0.006460800000;
ww[2][2]=0.084094175568;
ww[2][3]=0.009502200000;
ww[2][4]=0.010515400000;
ww[3][3]=0.012764831133;
ww[3][4]=0.014128400000;
ww[4][4]=0.049364881028;

List sizes:
L(0) = 0.049947508655
L(1) = 0.070938793788
L(2) = 0.075684289222
L(3) = 0.073503553956
L(4) = -0.003534847279
Time for producing the lists:
T(1) = 0.070938793788
T(2) = 0.085591484451
T(3) = 0.091444537866
T(4) = 0.091444538086
Correctness Lemma:
E(2) = 0.000000012489
E(3) = 0.000000002034
E(4) = 0.000000000007
Success probability = -0.003534847279
Complexity = 0.094979385366