Both-May parameters:
R=0.750000000000;
t=0.041692690274;
r[1]=0.007928000000;
r[2]=0.044875600000;
r[3]=0.064103800000;
r[4]=0.133092600000;
p[0]=0.003132508034;
p[1]=0.006265016068;
p[2]=0.012530032136;
p[3]=0.021035064272;
p[4]=0.025411528544;
ww[1][1]=0.007861700000;
ww[1][2]=0.000132600000;
ww[1][3]=0.000222600000;
ww[1][4]=0.000268800000;
ww[2][2]=0.041801757435;
ww[2][3]=0.003901600000;
ww[2][4]=0.002800800000;
ww[3][3]=0.062167100009;
ww[3][4]=0.002274400000;
ww[4][4]=0.010937161730;

List sizes:
L(0) = 0.026125371038
L(1) = 0.044875581310
L(2) = 0.056232189529
L(3) = 0.054585871959
L(4) = -0.004340116729
Time for producing the lists:
T(1) = 0.052250742076
T(2) = 0.061043767092
T(3) = 0.061043828225
T(4) = 0.061043828226
Correctness Lemma:
E(2) = 0.004734632136
E(3) = 0.000000000081
E(4) = 0.000000000007
Success probability = -0.004340116729
Complexity = 0.065383944955
