Both-May parameters:
R=0.340000000000;
t=0.171005598195;
r[1]=0.070567200000;
r[2]=0.114421200000;
r[3]=0.134464300000;
r[4]=0.340547300000;
p[0]=0.009017644476;
p[1]=0.018035288952;
p[2]=0.036070577903;
p[3]=0.048551955806;
p[4]=0.052694711611;
ww[1][1]=0.009265180596;
ww[1][2]=0.007487500000;
ww[1][3]=0.010078800000;
ww[1][4]=0.010938200000;
ww[2][2]=0.012143561948;
ww[2][3]=0.016343350000;
ww[2][4]=0.017736300000;
ww[3][3]=0.018700766003;
ww[3][4]=0.020518598440;
ww[4][4]=0.069117788144;

List sizes:
L(0) = 0.050862908943
L(1) = 0.070745503271
L(2) = 0.071227619648
L(3) = 0.069339197150
L(4) = -0.002631530947
Time for producing the lists:
T(1) = 0.070745503271
T(2) = 0.085714625426
T(3) = 0.089952983786
T(4) = 0.089952983805
Correctness Lemma:
E(2) = 0.000000000116
E(3) = 0.000000000005
E(4) = 0.000000000000
Success probability = -0.002631530947
Complexity = 0.092584514752
