Both-May parameters:
R=0.670000000000;
t=0.060644993674;
r[1]=0.011956589449;
r[2]=0.060924736515;
r[3]=0.081476139198;
r[4]=0.175642534838;
p[0]=0.004722619600;
p[1]=0.009445239200;
p[2]=0.018890478400;
p[3]=0.029881225711;
p[4]=0.034497460267;
ww[1][1]=0.011788039449;
ww[1][2]=0.000337100000;
ww[1][3]=0.000533100000;
ww[1][4]=0.000615600000;
ww[2][2]=0.058904558104;
ww[2][3]=0.003045600000;
ww[2][4]=0.003361700000;
ww[3][3]=0.077736582277;
ww[3][4]=0.004271900000;
ww[4][4]=0.017898333407;

List sizes:
L(0) = 0.035801743588
L(1) = 0.060924669158
L(2) = 0.066249034273
L(3) = 0.064331734853
L(4) = -0.004036813670
Time for producing the lists:
T(1) = 0.071603487176
T(2) = 0.073718352931
T(3) = 0.073718400124
T(4) = 0.073718400315
Correctness Lemma:
E(2) = 0.007270988951
E(3) = 0.000000000218
E(4) = 0.000000000000
Success probability = -0.004036813670
Complexity = 0.077755213985
