Both-May parameters:
R=0.100000000000;
t=0.316019346324;
r[1]=0.135910800000;
r[2]=0.141376300000;
r[3]=0.170537500000;
r[4]=0.452175400000;
p[0]=0.006743300000;
p[1]=0.013486600000;
p[2]=0.025783400000;
p[3]=0.029883800000;
p[4]=0.030846300000;
ww[1][1]=0.036374831876;
ww[1][2]=0.035077200000;
ww[1][3]=0.040624600000;
ww[1][4]=0.041928000000;
ww[2][2]=0.036496994766;
ww[2][3]=0.042264400000;
ww[2][4]=0.043617000000;
ww[3][3]=0.050152477686;
ww[3][4]=0.052225300000;
ww[4][4]=0.147402746324;

List sizes:
L(0) = 0.028531688194
L(1) = 0.035053191487
L(2) = 0.033515989514
L(3) = 0.033207733185
L(4) = -0.000275393700
Time for producing the lists:
T(1) = 0.041140613385
T(2) = 0.050382661846
T(3) = 0.050382724034
T(4) = 0.050382724068
Correctness Lemma:
E(2) = 0.000000000038
E(3) = 0.000000000021
E(4) = 0.000000000000
Success probability = -0.000275393700
Complexity = 0.050658117768