
Both-May parameters:
R=0.700000000000;
t=0.053239040777;
r[1]=0.009362000000;
r[2]=0.054589000000;
r[3]=0.075262000000;
r[4]=0.160787000000;
p[0]=0.004001708034;
p[1]=0.008003416068;
p[2]=0.016006832136;
p[3]=0.026049664272;
p[4]=0.030647328544;
ww[1][1]=0.000107000000;
ww[1][2]=0.000214000000;
ww[1][3]=0.000348000000;
ww[1][4]=0.000410000000;
ww[2][2]=0.002490520918;
ww[2][3]=0.003258000000;
ww[2][4]=0.003258000000;
ww[3][3]=0.003316951079;
ww[3][4]=0.003655000000;
ww[4][4]=0.015268712233;

List sizes:
L(0) = 0.031553512411
L(1) = 0.054588779003
L(2) = 0.062197224571
L(3) = 0.060914195924
L(4) = -0.004304673267
Time for producing the lists:
T(1) = 0.063107024821
T(2) = 0.069191387503
T(3) = 0.069191772839
T(4) = 0.069191782515
Correctness Lemma:
E(2) = 0.006858832136
E(3) = 0.000000000344
E(4) = 0.000000000093
Success probability = -0.004304673267
Complexity = 0.073496455782