Both-May parameters:
R=0.425000000000;
t=0.136500482636;
r[1]=0.057660500000;
r[2]=0.094785600000;
r[3]=0.123283700000;
r[4]=0.299270200000;
p[0]=0.008272637500;
p[1]=0.016545275000;
p[2]=0.033090550000;
p[3]=0.046575300000;
p[4]=0.051384900000;
ww[1][1]=0.006135530988;
ww[1][2]=0.004489700000;
ww[1][3]=0.006318800000;
ww[1][4]=0.006971400000;
ww[2][2]=0.007379432996;
ww[2][3]=0.010387000000;
ww[2][4]=0.011460000000;
ww[3][3]=0.013353704342;
ww[3][4]=0.014800000000;
ww[4][4]=0.051884182636;

List sizes:
L(0) = 0.050440032319
L(1) = 0.071414684958
L(2) = 0.075409420993
L(3) = 0.073229218000
L(4) = -0.003423882415
Time for producing the lists:
T(1) = 0.071414684958
T(2) = 0.085448153826
T(3) = 0.091610706045
T(4) = 0.091610706181
Correctness Lemma:
E(2) = 0.000000000225
E(3) = 0.000000000004
E(4) = 0.000000000000
Success probability = -0.003423882415
Complexity = 0.095034588595