Both-May parameters:
R=0.900000000000;
t=0.012986862056;
r[1]=0.008697400000;
r[2]=0.000019000000;
r[3]=0.034417800000;
r[4]=0.056865800000;
p[0]=0.001169425380;
p[1]=0.002338850760;
p[2]=0.003951644586;
p[3]=0.007795807791;
p[4]=0.009819592823;
ww[1][1]=0.000026208887;
ww[1][2]=0.000035500000;
ww[1][3]=0.000071000000;
ww[1][4]=0.000092000000;
ww[2][2]=0.000009500000;
ww[2][3]=0.000000000000;
ww[2][4]=0.000000000000;
ww[3][3]=0.000952695410;
ww[3][4]=0.000754800000;
ww[4][4]=0.002320469233;

List sizes:
L(0) = 0.011727933502
L(1) = 0.015015704696
L(2) = 0.028270569853
L(3) = 0.028353600520
L(4) = -0.001945653572
Time for producing the lists:
T(1) = 0.023455867003
T(2) = 0.030031409391
T(3) = 0.030025667625
T(4) = 0.030031486426
Correctness Lemma:
E(2) = 0.000001233128
E(3) = 0.000000331462
E(4) = 0.000000077168
Success probability = -0.001945653572
Complexity = 0.031977139998
