Both-May parameters:
R=0.300000000000;
t=0.189297705371;
r[1]=0.100187157574;
r[2]=0.096275104952;
r[3]=0.144051793789;
r[4]=0.359485943685;
p[0]=0.009216931975;
p[1]=0.018433863951;
p[2]=0.036262927903;
p[3]=0.048126255806;
p[4]=0.051951288699;
ww[1][1]=0.017263465398;
ww[1][2]=0.012109774610;
ww[1][3]=0.016041749220;
ww[1][4]=0.017337298440;
ww[2][2]=0.011688418146;
ww[2][3]=0.015465549220;
ww[2][4]=0.016682498440;
ww[3][3]=0.023006460520;
ww[3][4]=0.024874698440;
ww[4][4]=0.078451921352;

List sizes:
L(0) = 0.049973894023
L(1) = 0.066181388318
L(2) = 0.067738027783
L(3) = 0.066146986745
L(4) = -0.002176139938
Time for producing the lists:
T(1) = 0.067087506525
T(2) = 0.087439867101
T(3) = 0.087443777394
T(4) = 0.087443820132
Correctness Lemma:
E(2) = 0.000006721750
E(3) = 0.000000001128
E(4) = 0.000000003038
Success probability = -0.002176139938
Complexity = 0.089619960070
