Both-May parameters:
R=0.310000000000;
t=0.184582551418;
r[1]=0.101313800000;
r[2]=0.087604000000;
r[3]=0.146269800000;
r[4]=0.354812400000;
p[0]=0.009225556976;
p[1]=0.018451113952;
p[2]=0.035786427903;
p[3]=0.047977055806;
p[4]=0.052007311611;
ww[1][1]=0.016811692532;
ww[1][2]=0.011696174610;
ww[1][3]=0.015679549220;
ww[1][4]=0.016996898440;
ww[2][2]=0.010112598468;
ww[2][3]=0.013556949220;
ww[2][4]=0.014696298440;
ww[3][3]=0.023108260976;
ww[3][4]=0.024831498440;
ww[4][4]=0.076050544487;

List sizes:
L(0) = 0.050457993053
L(1) = 0.065286461907
L(2) = 0.068578879213
L(3) = 0.067026390210
L(4) = -0.002298424611
Time for producing the lists:
T(1) = 0.066730127541
T(2) = 0.088180998039
T(3) = 0.088181095334
T(4) = 0.088181095391
Correctness Lemma:
E(2) = 0.000000000207
E(3) = 0.000000000005
E(4) = 0.000000000002
Success probability = -0.002298424611
Complexity = 0.090479520002
