Both-May parameters:
R=0.710000000000;
t=0.050850762183;
r[1]=0.029399226311;
r[2]=0.003995756988;
r[3]=0.091594406211;
r[4]=0.165010610490;
p[0]=0.003797075453;
p[1]=0.007594150905;
p[2]=0.012022156539;
p[3]=0.022627133299;
p[4]=0.028319639527;
ww[1][1]=0.000308364566;
ww[1][2]=0.000475500000;
ww[1][3]=0.000905000000;
ww[1][4]=0.001143000000;
ww[2][2]=0.000365990196;
ww[2][3]=0.000249000000;
ww[2][4]=0.000250000000;
ww[3][3]=0.006208305638;
ww[3][4]=0.005718000000;
ww[4][4]=0.015420122655;

List sizes:
L(0) = 0.030307262977
L(1) = 0.033685330566
L(2) = 0.059815577316
L(3) = 0.059551712513
L(4) = -0.005248303740
Time for producing the lists:
T(1) = 0.060614525955
T(2) = 0.067370661133
T(3) = 0.067370595501
T(4) = 0.067370660202
Correctness Lemma:
E(2) = 0.000000479139
E(3) = 0.000000127953
E(4) = 0.000000035027
Success probability = -0.005248303740
Complexity = 0.072618964873
