Both-May parameters:
R=0.442000000000;
t=0.130204952411;
r[1]=0.054941500000;
r[2]=0.091197000000;
r[3]=0.120930500000;
r[4]=0.290931000000;
p[0]=0.008074712500;
p[1]=0.016149425000;
p[2]=0.032298850000;
p[3]=0.045849600000;
p[4]=0.050747500000;
ww[1][1]=0.049370684045;
ww[1][2]=0.004016850000;
ww[1][3]=0.005700900000;
ww[1][4]=0.006309300000;
ww[2][2]=0.084543069846;
ww[2][3]=0.009446000000;
ww[2][4]=0.010460700000;
ww[3][3]=0.108454359604;
ww[3][4]=0.013838300000;
ww[4][4]=0.048849152411;

List sizes:
L(0) = 0.049986537847
L(1) = 0.071041068501
L(2) = 0.075732047655
L(3) = 0.073540567974
L(4) = -0.003564801814
Time for producing the lists:
T(1) = 0.071041068501
T(2) = 0.085255632839
T(3) = 0.091386935610
T(4) = 0.091386935673
Correctness Lemma:
E(2) = 0.000000020598
E(3) = 0.000000000397
E(4) = 0.000000000021
Success probability = -0.003564801814
Complexity = 0.094951737487
