Both-May parameters:
R=0.260000000000;
t=0.209225655861;
r[1]=0.096792700000;
r[2]=0.118618800000;
r[3]=0.146149200000;
r[4]=0.378439300000;
p[0]=0.009149573173;
p[1]=0.018299146346;
p[2]=0.036598292691;
p[3]=0.047217885381;
p[4]=0.050474470762;
ww[1][1]=0.017701562578;
ww[1][2]=0.013630067690;
ww[1][3]=0.017578335381;
ww[1][4]=0.018790570762;
ww[2][2]=0.016708714864;
ww[2][3]=0.021544185381;
ww[2][4]=0.023028670762;
ww[3][3]=0.025901627247;
ww[3][4]=0.027988270762;
ww[4][4]=0.088943672813;

List sizes:
L(0) = 0.047754862861
L(1) = 0.065149686524
L(2) = 0.063334318376
L(3) = 0.061926896328
L(4) = -0.001752537906
Time for producing the lists:
T(1) = 0.065563421674
T(2) = 0.083226187481
T(3) = 0.083589014953
T(4) = 0.083589015022
Correctness Lemma:
E(2) = 0.000000000053
E(3) = 0.000000000067
E(4) = 0.000000000001
Success probability = -0.001752537906
Complexity = 0.085341552928
