Both-May parameters:
R=0.580000000000;
t=0.085129413171;
r[1]=0.020765800000;
r[2]=0.075759600000;
r[3]=0.101616300000;
r[4]=0.221858300000;
p[0]=0.005960758034;
p[1]=0.011921516068;
p[2]=0.023843032136;
p[3]=0.036702264272;
p[4]=0.041998328544;
ww[1][1]=0.000477250000;
ww[1][2]=0.000954500000;
ww[1][3]=0.001407300000;
ww[1][4]=0.001566400000;
ww[2][2]=0.003485522619;
ww[2][3]=0.005136900000;
ww[2][4]=0.005716500000;
ww[3][3]=0.007122860034;
ww[3][4]=0.007820900000;
ww[4][4]=0.028027284627;

List sizes:
L(0) = 0.041917116618
L(1) = 0.066346810781
L(2) = 0.072918812495
L(3) = 0.070991616047
L(4) = -0.004137826143
Time for producing the lists:
T(1) = 0.083834233236
T(2) = 0.077327704055
T(3) = 0.083834240185
T(4) = 0.083834240215
Correctness Lemma:
E(2) = 0.004031732136
E(3) = 0.000000000163
E(4) = 0.000000000016
Success probability = -0.004137826143
Complexity = 0.087972066358
