Both-May parameters:
R=0.830000000000;
t=0.025253711475;
r[1]=0.007784400000;
r[2]=0.027964900000;
r[3]=0.046943200000;
r[4]=0.087307500000;
p[0]=0.001926908034;
p[1]=0.003853816068;
p[2]=0.007707232136;
p[3]=0.013709464272;
p[4]=0.017046528544;
ww[1][1]=0.007748196150;
ww[1][2]=0.000072400000;
ww[1][3]=0.000128800000;
ww[1][4]=0.000160100000;
ww[2][2]=0.003551934550;
ww[2][3]=0.004139500000;
ww[2][4]=0.001743100000;
ww[3][3]=0.000830818490;
ww[3][4]=0.001006400000;
ww[4][4]=0.005297582931;

List sizes:
L(0) = 0.017708324002
L(1) = 0.027964875721
L(2) = 0.043298381482
L(3) = 0.041965252115
L(4) = -0.003728394532
Time for producing the lists:
T(1) = 0.035416648004
T(2) = 0.043322948020
T(3) = 0.045732195954
T(4) = 0.045732195946
Correctness Lemma:
E(2) = 0.000000001063
E(3) = 0.000000000314
E(4) = 0.000000000039
Success probability = -0.003728394532
Complexity = 0.049460590487
