Both-May parameters:
R=0.428000000000;
t=0.135376123375;
r[1]=0.052098100000;
r[2]=0.099501400000;
r[3]=0.122618400000;
r[4]=0.297782100000;
p[0]=0.008247537500;
p[1]=0.016495075000;
p[2]=0.032990150000;
p[3]=0.046482100000;
p[4]=0.051302900000;
ww[1][1]=0.004730490106;
ww[1][2]=0.004016300000;
ww[1][3]=0.005658700000;
ww[1][4]=0.006245400000;
ww[2][2]=0.007671126019;
ww[2][3]=0.010807900000;
ww[2][4]=0.011928000000;
ww[3][3]=0.013131815540;
ww[3][4]=0.014577700000;
ww[4][4]=0.051322123375;

List sizes:
L(0) = 0.050409227529
L(1) = 0.071598369926
L(2) = 0.075498320393
L(3) = 0.073306708207
L(4) = -0.003440501100
Time for producing the lists:
T(1) = 0.071598369926
T(2) = 0.083871920327
T(3) = 0.091592792994
T(4) = 0.091592793052
Correctness Lemma:
E(2) = 0.000000000092
E(3) = 0.000000000008
E(4) = 0.000000000000
Success probability = -0.003440501100
Complexity = 0.095033294152
