Both-May parameters:
R=0.710000000000;
t=0.050850762183;
r[1]=0.009509100000;
r[2]=0.052798300000;
r[3]=0.072535900000;
r[4]=0.155156700000;
p[0]=0.003863783034;
p[1]=0.007727566068;
p[2]=0.015455132136;
p[3]=0.025205564272;
p[4]=0.029789128544;
ww[1][1]=0.009405650000;
ww[1][2]=0.000206900000;
ww[1][3]=0.000337500000;
ww[1][4]=0.000399000000;
ww[2][2]=0.050210228109;
ww[2][3]=0.003437400000;
ww[2][4]=0.003130400000;
ww[3][3]=0.002794667686;
ww[3][4]=0.003199100000;
ww[4][4]=0.014333133639;

List sizes:
L(0) = 0.030742098760
L(1) = 0.052798261801
L(2) = 0.061421241705
L(3) = 0.059784771125
L(4) = -0.004262877241
Time for producing the lists:
T(1) = 0.061484197520
T(2) = 0.067698492393
T(3) = 0.067698551424
T(4) = 0.067698551429
Correctness Lemma:
E(2) = 0.006152932136
E(3) = 0.000000000007
E(4) = 0.000000000078
Success probability = -0.004262877241
Complexity = 0.071961428671
