Both-May parameters:
R=0.660000000000;
t=0.063195146658;
r[1]=0.013230390458;
r[2]=0.062443229385;
r[3]=0.083576821781;
r[4]=0.180749558376;
p[0]=0.004952358034;
p[1]=0.009904716068;
p[2]=0.019809432136;
p[3]=0.031114964272;
p[4]=0.035707170379;
ww[1][1]=0.013031890458;
ww[1][2]=0.000397000000;
ww[1][3]=0.000623600000;
ww[1][4]=0.000715700000;
ww[2][2]=0.060566369567;
ww[2][3]=0.002946400000;
ww[2][4]=0.003380000000;
ww[3][3]=0.003928180814;
ww[3][4]=0.004513300000;
ww[4][4]=0.018878976279;

List sizes:
L(0) = 0.037093269172
L(1) = 0.062442990442
L(2) = 0.067400945879
L(3) = 0.065296157931
L(4) = -0.004035291442
Time for producing the lists:
T(1) = 0.074186538344
T(2) = 0.074599069782
T(3) = 0.075060269286
T(4) = 0.075060269293
Correctness Lemma:
E(2) = 0.006976041678
E(3) = 0.000000000174
E(4) = 0.000000000003
Success probability = -0.004035291442
Complexity = 0.079095560735
