Both-May parameters:
R=0.780000000000;
t=0.035234780401;
r[1]=0.018910903106;
r[2]=0.000920000000;
r[3]=0.069819053589;
r[4]=0.130350043305;
p[0]=0.002569021536;
p[1]=0.005138043073;
p[2]=0.008786545126;
p[3]=0.017285584748;
p[4]=0.021833076967;
ww[1][1]=0.000281447195;
ww[1][2]=0.000234600000;
ww[1][3]=0.000457200000;
ww[1][4]=0.000562400000;
ww[2][2]=0.000012000000;
ww[2][3]=0.000024000000;
ww[2][4]=0.000028000000;
ww[3][3]=0.002805366018;
ww[3][4]=0.002796300000;
ww[4][4]=0.010015003434;

List sizes:
L(0) = 0.022309496615
L(1) = 0.027819539600
L(2) = 0.051554920877
L(3) = 0.050249784952
L(4) = -0.004591250534
Time for producing the lists:
T(1) = 0.044618993230
T(2) = 0.055639079201
T(3) = 0.055638705195
T(4) = 0.055639179007
Correctness Lemma:
E(2) = 0.000000817726
E(3) = 0.000000129551
E(4) = 0.000000048678
Success probability = -0.004591250534
Complexity = 0.060230429541
