Both-May parameters:
R=0.422000000000;
t=0.137630686436;
r[1]=0.078798300000;
r[2]=0.074473600000;
r[3]=0.123965400000;
r[4]=0.300762700000;
p[0]=0.008582612500;
p[1]=0.017165225000;
p[2]=0.033181050000;
p[3]=0.046650900000;
p[4]=0.051449300000;
ww[1][1]=0.010089042503;
ww[1][2]=0.006195200000;
ww[1][3]=0.008709800000;
ww[1][4]=0.009606200000;
ww[2][2]=0.005855959662;
ww[2][3]=0.008232400000;
ww[2][4]=0.009079400000;
ww[3][3]=0.013596212889;
ww[3][4]=0.015042200000;
ww[4][4]=0.052453586436;

List sizes:
L(0) = 0.051775723855
L(1) = 0.068252017266
L(2) = 0.075297809075
L(3) = 0.073145318571
L(4) = -0.003408340197
Time for producing the lists:
T(1) = 0.068252017266
T(2) = 0.091621641408
T(3) = 0.091621846888
T(4) = 0.091621846897
Correctness Lemma:
E(2) = 0.000000000143
E(3) = 0.000000000006
E(4) = 0.000000000003
Success probability = -0.003408340197
Complexity = 0.095030187095
