Both-May parameters:
R=0.810000000000;
t=0.029128040978;
r[1]=0.007185000000;
r[2]=0.032581100000;
r[3]=0.051381700000;
r[4]=0.098852200000;
p[0]=0.002198608034;
p[1]=0.004397216068;
p[2]=0.008794432136;
p[3]=0.015425864272;
p[4]=0.019094028544;
ww[1][1]=0.007146000000;
ww[1][2]=0.000078000000;
ww[1][3]=0.000136900000;
ww[1][4]=0.000169400000;
ww[2][2]=0.029090490667;
ww[2][3]=0.004170700000;
ww[2][4]=0.002038300000;
ww[3][3]=0.050330630711;
ww[3][4]=0.001268400000;
ww[4][4]=0.006557912434;

List sizes:
L(0) = 0.019708233718
L(1) = 0.032581069001
L(2) = 0.046863043468
L(3) = 0.045404594705
L(4) = -0.004001692106
Time for producing the lists:
T(1) = 0.039416467436
T(2) = 0.048585409397
T(3) = 0.049816628598
T(4) = 0.049816628605
Correctness Lemma:
E(2) = 0.001687432136
E(3) = 0.000000000027
E(4) = 0.000000000006
Success probability = -0.004001692106
Complexity = 0.053818320711
