Both-May parameters:
R=0.980000000000;
t=0.001909508447;
r[1]=0.000697500000;
r[2]=0.000670500000;
r[3]=0.007968626941;
r[4]=0.010663373059;
p[0]=0.000166821498;
p[1]=0.000333642996;
p[2]=0.000664085992;
p[3]=0.001328171985;
p[4]=0.001723443970;
ww[1][1]=0.000697347507;
ww[1][2]=0.000000300000;
ww[1][3]=0.000000600000;
ww[1][4]=0.000000900000;
ww[2][2]=0.000658044708;
ww[2][3]=0.000021300000;
ww[2][4]=0.000005200000;
ww[3][3]=0.007686680521;
ww[3][4]=0.000065300000;
ww[4][4]=0.000114664477;

List sizes:
L(0) = 0.002162458743
L(1) = 0.003629491665
L(2) = 0.006673924122
L(3) = 0.007133880814
L(4) = -0.000229334031
Time for producing the lists:
T(1) = 0.004324917485
T(2) = 0.007258983329
T(3) = 0.007259000449
T(4) = 0.007259000785
Correctness Lemma:
E(2) = 0.000000000409
E(3) = 0.000000000295
E(4) = 0.000000000001
Success probability = -0.000229334031
Complexity = 0.007488334816
