Both-May parameters:
R=0.434000000000;
t=0.133144740182;
r[1]=0.072324400000;
r[2]=0.075037500000;
r[3]=0.123799500000;
r[4]=0.294838600000;
p[0]=0.008258912500;
p[1]=0.016517825000;
p[2]=0.032449150000;
p[3]=0.046051700000;
p[4]=0.050966500000;
ww[1][1]=0.063055065829;
ww[1][2]=0.005397700000;
ww[1][3]=0.007662800000;
ww[1][4]=0.008484900000;
ww[2][2]=0.069424674765;
ww[2][3]=0.007960800000;
ww[2][4]=0.008811900000;
ww[3][3]=0.013285953215;
ww[3][4]=0.014637900000;
ww[4][4]=0.050243540182;

List sizes:
L(0) = 0.050631141163
L(1) = 0.068888393956
L(2) = 0.075545441024
L(3) = 0.073425163009
L(4) = -0.003489970257
Time for producing the lists:
T(1) = 0.068888393956
T(2) = 0.091522713047
T(3) = 0.091523408198
T(4) = 0.091523409590
Correctness Lemma:
E(2) = 0.000000016531
E(3) = 0.000000000353
E(4) = 0.000000000012
Success probability = -0.003489970257
Complexity = 0.095013379846
