Both-May parameters:
R=0.400000000000;
t=0.146102403412;
r[1]=0.065005100000;
r[2]=0.097948300000;
r[3]=0.125501500000;
r[4]=0.311545100000;
p[0]=0.008571687500;
p[1]=0.017143375000;
p[2]=0.034286750000;
p[3]=0.047545900000;
p[4]=0.052158400000;
ww[1][1]=0.007900382834;
ww[1][2]=0.005575700000;
ww[1][3]=0.007728800000;
ww[1][4]=0.008477600000;
ww[2][2]=0.008400339550;
ww[2][3]=0.011644600000;
ww[2][4]=0.012773200000;
ww[3][3]=0.014482142364;
ww[3][4]=0.016076500000;
ww[4][4]=0.056616703412;

List sizes:
L(0) = 0.051049582924
L(1) = 0.071790967818
L(2) = 0.074646145840
L(3) = 0.072475732390
L(4) = -0.003220927046
Time for producing the lists:
T(1) = 0.071790967818
T(2) = 0.086995293733
T(3) = 0.091601482200
T(4) = 0.091601482291
Correctness Lemma:
E(2) = 0.000000000036
E(3) = 0.000000000026
E(4) = 0.000000000001
Success probability = -0.003220927046
Complexity = 0.094822409337