Both-May parameters:
R=0.990000000000;
t=0.000860207505;
r[1]=0.000002000000;
r[2]=0.000101000000;
r[3]=0.008631266894;
r[4]=0.001265733106;
p[0]=0.000013013103;
p[1]=0.000026026205;
p[2]=0.000052052411;
p[3]=0.000104104821;
p[4]=0.000194203485;
ww[1][1]=0.000000000000;
ww[1][2]=0.000000000000;
ww[1][3]=0.000000000000;
ww[1][4]=0.000000000000;
ww[2][2]=0.000000000000;
ww[2][3]=0.000000000000;
ww[2][4]=0.000000000000;
ww[3][3]=0.003536798789;
ww[3][4]=0.000656000000;
ww[4][4]=0.000010004020;

List sizes:
L(0) = 0.000216770338
L(1) = 0.000431540676
L(2) = 0.000712027954
L(3) = 0.001219053983
L(4) = -0.003895498474
Time for producing the lists:
T(1) = 0.000433540676
T(2) = 0.000863081352
T(3) = 0.001256613741
T(4) = 0.001256610991
Correctness Lemma:
E(2) = 0.000050052411
E(3) = 0.000001104821
E(4) = 0.000000246791
Success probability = -0.003895498474
Complexity = 0.005152112215
