Both-May parameters:
R=0.480000000000;
t=0.116768457227;
r[1]=0.049823100000;
r[2]=0.082499300000;
r[3]=0.115588000000;
r[4]=0.272089600000;
p[0]=0.007590837500;
p[1]=0.015181675000;
p[2]=0.030363350000;
p[3]=0.043964800000;
p[4]=0.049011000000;
ww[1][1]=0.004639384831;
ww[1][2]=0.003152500000;
ww[1][3]=0.004563600000;
ww[1][4]=0.005087400000;
ww[2][2]=0.005219728619;
ww[2][3]=0.007557100000;
ww[2][4]=0.008424200000;
ww[3][3]=0.010616629218;
ww[3][4]=0.011823000000;
ww[4][4]=0.042422857227;

List sizes:
L(0) = 0.048598568601
L(1) = 0.069634486875
L(2) = 0.076021902579
L(3) = 0.073756126898
L(4) = -0.003806374758
Time for producing the lists:
T(1) = 0.069634486875
T(2) = 0.084843443245
T(3) = 0.090318774793
T(4) = 0.090318774827
Correctness Lemma:
E(2) = 0.000000000265
E(3) = 0.000000000049
E(4) = 0.000000000001
Success probability = -0.003806374758
Complexity = 0.094125149585
