Both-May parameters:
R=0.120000000000;
t=0.298947074239;
r[1]=0.131360800000;
r[2]=0.131275700000;
r[3]=0.174480100000;
r[4]=0.442883400000;
p[0]=0.007265400000;
p[1]=0.014530800000;
p[2]=0.028203600000;
p[3]=0.033439800000;
p[4]=0.034746900000;
ww[1][1]=0.033532292214;
ww[1][2]=0.030902500000;
ww[1][3]=0.036616400000;
ww[1][4]=0.038041600000;
ww[2][2]=0.030882660169;
ww[2][3]=0.036592000000;
ww[2][4]=0.038016600000;
ww[3][3]=0.048312751527;
ww[3][4]=0.050369900000;
ww[4][4]=0.137772074239;

List sizes:
L(0) = 0.031949156514
L(1) = 0.040190633274
L(2) = 0.038473099579
L(3) = 0.038055208140
L(4) = -0.000402539118
Time for producing the lists:
T(1) = 0.045608404805
T(2) = 0.056604577144
T(3) = 0.056604695310
T(4) = 0.056604695356
Correctness Lemma:
E(2) = 0.000000000126
E(3) = 0.000000000064
E(4) = 0.000000000001
Success probability = -0.000402539118
Complexity = 0.057007234474
