Both-May parameters:
R=0.970000000000;
t=0.003064099916;
r[1]=0.001263200000;
r[2]=0.000963900000;
r[3]=0.011482826941;
r[4]=0.016290073059;
p[0]=0.000263608998;
p[1]=0.000527217996;
p[2]=0.001027835992;
p[3]=0.002055671985;
p[4]=0.002654343970;
ww[1][1]=0.001262547819;
ww[1][2]=0.000001300000;
ww[1][3]=0.000002600000;
ww[1][4]=0.000003400000;
ww[2][2]=0.000926045403;
ww[2][3]=0.000039100000;
ww[2][4]=0.000011800000;
ww[3][3]=0.000380364326;
ww[3][4]=0.000127400000;
ww[4][4]=0.000267155946;

List sizes:
L(0) = 0.003239140987
L(1) = 0.005223144138
L(2) = 0.009657376634
L(3) = 0.010183985530
L(4) = -0.000475684010
Time for producing the lists:
T(1) = 0.006478281974
T(2) = 0.010446288275
T(3) = 0.010446301227
T(4) = 0.010446302189
Correctness Lemma:
E(2) = 0.000000000061
E(3) = 0.000000000066
E(4) = 0.000000000024
Success probability = -0.000475684010
Complexity = 0.010921986199
