Both-May parameters:
R=0.430000000000;
t=0.134629772869;
r[1]=0.072380900000;
r[2]=0.077840600000;
r[3]=0.122957900000;
r[4]=0.296820600000;
p[0]=0.008317662500;
p[1]=0.016635325000;
p[2]=0.032811750000;
p[3]=0.046332500000;
p[4]=0.051181200000;
ww[1][1]=0.009413023672;
ww[1][2]=0.005523500000;
ww[1][3]=0.007799500000;
ww[1][4]=0.008615600000;
ww[2][2]=0.005940183263;
ww[2][3]=0.008387700000;
ww[2][4]=0.009265400000;
ww[3][3]=0.013176606079;
ww[3][4]=0.014587000000;
ww[4][4]=0.050980572869;

List sizes:
L(0) = 0.050791274681
L(1) = 0.069559142867
L(2) = 0.075504395399
L(3) = 0.073334875266
L(4) = -0.003467076716
Time for producing the lists:
T(1) = 0.069559142867
T(2) = 0.091561540004
T(3) = 0.091561873638
T(4) = 0.091561873651
Correctness Lemma:
E(2) = 0.000000000162
E(3) = 0.000000000006
E(4) = 0.000000000001
Success probability = -0.003467076716
Complexity = 0.095028950367
