Both-May parameters:
R=0.630000000000;
t=0.071095875530;
r[1]=0.014544791115;
r[2]=0.068494367020;
r[3]=0.090736041491;
r[4]=0.196224800374;
p[0]=0.005357458034;
p[1]=0.010714916068;
p[2]=0.021429832136;
p[3]=0.033370664272;
p[4]=0.038257101411;
ww[1][1]=0.000249466376;
ww[1][2]=0.000498932751;
ww[1][3]=0.000778313725;
ww[1][4]=0.000887955311;
ww[2][2]=0.002360633366;
ww[2][3]=0.003676843750;
ww[2][4]=0.004175000000;
ww[3][3]=0.005073747791;
ww[3][4]=0.005694000000;
ww[4][4]=0.022081818808;

List sizes:
L(0) = 0.039152387571
L(1) = 0.065580032034
L(2) = 0.069823970120
L(3) = 0.067793083999
L(4) = -0.004109466487
Time for producing the lists:
T(1) = 0.078304775142
T(2) = 0.077481699823
T(3) = 0.078711657452
T(4) = 0.078711663986
Correctness Lemma:
E(2) = 0.007383973772
E(3) = 0.000000023096
E(4) = 0.000000005077
Success probability = -0.004109466487
Complexity = 0.082821130474
