Both-May parameters:
R=0.445000000000;
t=0.129112797937;
r[1]=0.054576900000;
r[2]=0.090720200000;
r[3]=0.120230100000;
r[4]=0.289472800000;
p[0]=0.008045962500;
p[1]=0.016091925000;
p[2]=0.032183850000;
p[3]=0.045735200000;
p[4]=0.050634100000;
ww[1][1]=0.049079539823;
ww[1][2]=0.003952150000;
ww[1][3]=0.005611100000;
ww[1][4]=0.006211300000;
ww[2][2]=0.084163451997;
ww[2][3]=0.009317400000;
ww[2][4]=0.010318500000;
ww[3][3]=0.012251528834;
ww[3][4]=0.013610100000;
ww[4][4]=0.048338797937;

List sizes:
L(0) = 0.049930718557
L(1) = 0.071006383596
L(2) = 0.075791438378
L(3) = 0.073571514976
L(4) = -0.003595608427
Time for producing the lists:
T(1) = 0.071006383596
T(2) = 0.085254083294
T(3) = 0.091322901202
T(4) = 0.091322902604
Correctness Lemma:
E(2) = 0.000000013833
E(3) = 0.000000000462
E(4) = 0.000000000000
Success probability = -0.003595608427
Complexity = 0.094918511031
