Both-May parameters:
R=0.450000000000;
t=0.127304805976;
r[1]=0.061072100000;
r[2]=0.082545600000;
r[3]=0.119392500000;
r[4]=0.286989800000;
p[0]=0.007990662500;
p[1]=0.015981325000;
p[2]=0.031962650000;
p[3]=0.045525900000;
p[4]=0.050446300000;
ww[1][1]=0.007277949371;
ww[1][2]=0.004339100000;
ww[1][3]=0.006179600000;
ww[1][4]=0.006847000000;
ww[2][2]=0.005864588765;
ww[2][3]=0.008350900000;
ww[2][4]=0.009253500000;
ww[3][3]=0.011956866223;
ww[3][4]=0.013301000000;
ww[4][4]=0.047457005976;

List sizes:
L(0) = 0.049799681444
L(1) = 0.070710411334
L(2) = 0.075882038858
L(3) = 0.073639695783
L(4) = -0.003625275891
Time for producing the lists:
T(1) = 0.070710411334
T(2) = 0.089402028359
T(3) = 0.091225384796
T(4) = 0.091225384934
Correctness Lemma:
E(2) = 0.000000000140
E(3) = 0.000000000086
E(4) = 0.000000000000
Success probability = -0.003625275891
Complexity = 0.094850660825
