Both-May parameters:
R=0.920000000000;
t=0.009880517580;
r[1]=0.008054716380;
r[2]=0.000880000000;
r[3]=0.024049307511;
r[4]=0.047015976109;
p[0]=0.000984835300;
p[1]=0.001969670601;
p[2]=0.003193119040;
p[3]=0.006125196671;
p[4]=0.007801363380;
ww[1][1]=0.000023585172;
ww[1][2]=0.000031500000;
ww[1][3]=0.000061000000;
ww[1][4]=0.000075000000;
ww[2][2]=0.000419609375;
ww[2][3]=0.000010000000;
ww[2][4]=0.000011000000;
ww[3][3]=0.000421536649;
ww[3][4]=0.000357200000;
ww[4][4]=0.001635954200;

List sizes:
L(0) = 0.010152357127
L(1) = 0.012482462545
L(2) = 0.022929371580
L(3) = 0.023771412677
L(4) = -0.001481158929
Time for producing the lists:
T(1) = 0.020304714255
T(2) = 0.024964925091
T(3) = 0.024871549614
T(4) = 0.024965532102
Correctness Lemma:
E(2) = 0.000000002927
E(3) = 0.000000002720
E(4) = 0.000000076504
Success probability = -0.001481158929
Complexity = 0.026446691031
