Both-May parameters:
R=0.390000000000;
t=0.150063823499;
r[1]=0.088391300000;
r[2]=0.078096700000;
r[3]=0.127104700000;
r[4]=0.316407300000;
p[0]=0.009062294476;
p[1]=0.018124588951;
p[2]=0.034640677903;
p[3]=0.047816955806;
p[4]=0.052362611611;
ww[1][1]=0.011948581549;
ww[1][2]=0.007853000000;
ww[1][3]=0.010837800000;
ww[1][4]=0.011867800000;
ww[2][2]=0.006940538538;
ww[2][3]=0.009575400000;
ww[2][4]=0.010485600000;
ww[3][3]=0.015136460820;
ww[3][4]=0.016768398440;
ww[4][4]=0.058579413448;

List sizes:
L(0) = 0.052888401065
L(1) = 0.067898516946
L(2) = 0.074226881168
L(3) = 0.072086924298
L(4) = -0.003130030919
Time for producing the lists:
T(1) = 0.068234924069
T(2) = 0.091492024823
T(3) = 0.091492056983
T(4) = 0.091492057107
Correctness Lemma:
E(2) = 0.000000000160
E(3) = 0.000000000035
E(4) = 0.000000000000
Success probability = -0.003130030919
Complexity = 0.094622088026
