Both-May parameters:
R=0.590000000000;
t=0.082233332366;
r[1]=0.014554400000;
r[2]=0.080360800000;
r[3]=0.098461800000;
r[4]=0.216623000000;
p[0]=0.005855920534;
p[1]=0.011711841068;
p[2]=0.023423682136;
p[3]=0.036084664272;
p[4]=0.041324128544;
ww[1][1]=0.000329550000;
ww[1][2]=0.000659100000;
ww[1][3]=0.000966600000;
ww[1][4]=0.001071000000;
ww[2][2]=0.003636347327;
ww[2][3]=0.005333600000;
ww[2][4]=0.005910900000;
ww[3][3]=0.006500671021;
ww[3][4]=0.007218400000;
ww[4][4]=0.026708903822;

List sizes:
L(0) = 0.041477223641
L(1) = 0.070670993246
L(2) = 0.072464851257
L(3) = 0.070508063811
L(4) = -0.004092563505
Time for producing the lists:
T(1) = 0.082954447282
T(2) = 0.082346472847
T(3) = 0.082954473450
T(4) = 0.082954473503
Correctness Lemma:
E(2) = 0.009528382136
E(3) = 0.000000000040
E(4) = 0.000000000007
Success probability = -0.004092563505
Complexity = 0.087047037008
