Both-May parameters:
R=0.600000000000;
t=0.079382600481;
r[1]=0.025454700000;
r[2]=0.066982800000;
r[3]=0.095931800000;
r[4]=0.211630700000;
p[0]=0.005737486308;
p[1]=0.011474972616;
p[2]=0.022949945231;
p[3]=0.035430830369;
p[4]=0.040553228837;
ww[1][1]=0.000702382715;
ww[1][2]=0.001071400000;
ww[1][3]=0.001603400000;
ww[1][4]=0.001786800000;
ww[2][2]=0.002938954651;
ww[2][3]=0.004301700000;
ww[2][4]=0.004759100000;
ww[3][3]=0.005984116162;
ww[3][4]=0.006696000000;
ww[4][4]=0.025587471644;

List sizes:
L(0) = 0.040949646883
L(1) = 0.061081819866
L(2) = 0.071899244924
L(3) = 0.069817626817
L(4) = -0.004167757050
Time for producing the lists:
T(1) = 0.081899293766
T(2) = 0.072582353090
T(3) = 0.081902035744
T(4) = 0.081902079433
Correctness Lemma:
E(2) = 0.000005183360
E(3) = 0.000000079581
E(4) = 0.000000043963
Success probability = -0.004167757050
Complexity = 0.086069836483
