Both-May parameters:
R=0.740000000000;
t=0.043923330154;
r[1]=0.008546900000;
r[2]=0.046863200000;
r[3]=0.065886700000;
r[4]=0.138703200000;
p[0]=0.003326408034;
p[1]=0.006652816068;
p[2]=0.013305632136;
p[3]=0.022133264272;
p[4]=0.026546728544;
ww[1][1]=0.008469950000;
ww[1][2]=0.000153900000;
ww[1][3]=0.000255900000;
ww[1][4]=0.000306800000;
ww[2][2]=0.043913797326;
ww[2][3]=0.003809100000;
ww[2][4]=0.002901900000;
ww[3][3]=0.002013355177;
ww[3][4]=0.002396700000;
ww[4][4]=0.011771201610;

List sizes:
L(0) = 0.027388335498
L(1) = 0.046863186235
L(2) = 0.057748747617
L(3) = 0.055927128944
L(4) = -0.004357466042
Time for producing the lists:
T(1) = 0.054776670995
T(2) = 0.062749461026
T(3) = 0.062749485136
T(4) = 0.062749485335
Correctness Lemma:
E(2) = 0.004912632136
E(3) = 0.000000000164
E(4) = 0.000000000106
Success probability = -0.004357466042
Complexity = 0.067106951377
