Both-May parameters:
R=0.427000000000;
t=0.135750263495;
r[1]=0.061493700000;
r[2]=0.089314500000;
r[3]=0.123926900000;
r[4]=0.298264900000;
p[0]=0.008215962500;
p[1]=0.016431925000;
p[2]=0.032863850000;
p[3]=0.046408300000;
p[4]=0.051263500000;
ww[1][1]=0.007217026878;
ww[1][2]=0.004740200000;
ww[1][3]=0.006684000000;
ww[1][4]=0.007383000000;
ww[2][2]=0.006888555106;
ww[2][3]=0.009707600000;
ww[2][4]=0.010723000000;
ww[3][3]=0.013469543979;
ww[3][4]=0.014878400000;
ww[4][4]=0.051502363495;

List sizes:
L(0) = 0.050234329829
L(1) = 0.071058087984
L(2) = 0.075419742637
L(3) = 0.073285257148
L(4) = -0.003431480628
Time for producing the lists:
T(1) = 0.071058087984
T(2) = 0.087810639958
T(3) = 0.091602598412
T(4) = 0.091602598701
Correctness Lemma:
E(2) = 0.000000000115
E(3) = 0.000000000087
E(4) = 0.000000000001
Success probability = -0.003431480628
Complexity = 0.095034079328
