Both-May parameters:
R=0.980000000000;
t=0.001909508447;
r[1]=0.000000000000;
r[2]=0.000863000000;
r[3]=0.012624778677;
r[4]=0.006512221323;
p[0]=0.000107828281;
p[1]=0.000215656563;
p[2]=0.000431313125;
p[3]=0.000862626250;
p[4]=0.001344440391;
ww[1][1]=0.000000000000;
ww[1][2]=0.000000000000;
ww[1][3]=0.000000000000;
ww[1][4]=0.000000000000;
ww[2][2]=0.000000250000;
ww[2][3]=0.000000500000;
ww[2][4]=0.000001000000;
ww[3][3]=0.002810489632;
ww[3][4]=0.000489600000;
ww[4][4]=0.000074468055;

List sizes:
L(0) = 0.001465641540
L(1) = 0.002931283080
L(2) = 0.004571483480
L(3) = 0.006174699017
L(4) = -0.001690257827
Time for producing the lists:
T(1) = 0.002931283080
T(2) = 0.005862566160
T(3) = 0.006425163773
T(4) = 0.006425158116
Correctness Lemma:
E(2) = 0.000431313125
E(3) = 0.000000126250
E(4) = 0.000000155459
Success probability = -0.001690257827
Complexity = 0.008115421600
