Both-May parameters:
R=0.680000000000;
t=0.058135835815;
r[1]=0.010632486360;
r[2]=0.058348564777;
r[3]=0.080356727629;
r[4]=0.170662221234;
p[0]=0.004406266091;
p[1]=0.008812532183;
p[2]=0.017625064366;
p[3]=0.028269628644;
p[4]=0.033009417496;
ww[1][1]=0.000143292057;
ww[1][2]=0.000286584115;
ww[1][3]=0.000457168230;
ww[1][4]=0.000526336461;
ww[2][2]=0.002256740445;
ww[2][3]=0.003180062500;
ww[2][4]=0.003331000000;
ww[3][3]=0.003870635839;
ww[3][4]=0.004248000000;
ww[4][4]=0.017021081858;

List sizes:
L(0) = 0.033942086028
L(1) = 0.058347340637
L(2) = 0.064678689355
L(3) = 0.063207953539
L(4) = -0.004154033613
Time for producing the lists:
T(1) = 0.067884172055
T(2) = 0.072127609569
T(3) = 0.072234274309
T(4) = 0.072234266941
Correctness Lemma:
E(2) = 0.007279162121
E(3) = 0.000000114621
E(4) = 0.000000030740
Success probability = -0.004154033613
Complexity = 0.076388307921
