Both-May parameters:
R=0.660000000000;
t=0.063195146658;
r[1]=0.013100289449;
r[2]=0.061426836515;
r[3]=0.084753539198;
r[4]=0.180719334838;
p[0]=0.004853869600;
p[1]=0.009707739200;
p[2]=0.019415478400;
p[3]=0.030735625711;
p[4]=0.035493060267;
ww[1][1]=0.000206216117;
ww[1][2]=0.000412432233;
ww[1][3]=0.000637864466;
ww[1][4]=0.000725072301;
ww[2][2]=0.002014735119;
ww[2][3]=0.003074984375;
ww[2][4]=0.003441000000;
ww[3][3]=0.004189074386;
ww[3][4]=0.004704000000;
ww[4][4]=0.018832014090;

List sizes:
L(0) = 0.036497310544
L(1) = 0.061424574375
L(2) = 0.067272362202
L(3) = 0.065354688864
L(4) = -0.003996204665
Time for producing the lists:
T(1) = 0.072994621089
T(2) = 0.074213824436
T(3) = 0.075103983663
T(4) = 0.075104192415
Correctness Lemma:
E(2) = 0.006727621184
E(3) = 0.000000027363
E(4) = 0.000000011166
Success probability = -0.003996204665
Complexity = 0.079100397081
