Both-May parameters:
R=0.380000000000;
t=0.154097494527;
r[1]=0.073732600000;
r[2]=0.092061600000;
r[3]=0.133029300000;
r[4]=0.321176500000;
p[0]=0.008610494476;
p[1]=0.017220988951;
p[2]=0.034441977903;
p[3]=0.047675955806;
p[4]=0.052295211611;
ww[1][1]=0.010418272958;
ww[1][2]=0.006684000000;
ww[1][3]=0.009251800000;
ww[1][4]=0.010147800000;
ww[2][2]=0.008344070634;
ww[2][3]=0.011549800000;
ww[2][4]=0.012669000000;
ww[3][3]=0.016916594358;
ww[3][4]=0.018451398440;
ww[4][4]=0.060534084476;

List sizes:
L(0) = 0.050571663505
L(1) = 0.070738084332
L(2) = 0.073590020963
L(3) = 0.071675329361
L(4) = -0.003010896803
Time for producing the lists:
T(1) = 0.070738084332
T(2) = 0.089791705632
T(3) = 0.091342631993
T(4) = 0.091342632022
Correctness Lemma:
E(2) = 0.000000000161
E(3) = 0.000000000040
E(4) = 0.000000000000
Success probability = -0.003010896803
Complexity = 0.094353528825
