Both-May parameters:
R=0.720000000000;
t=0.048502196476;
r[1]=0.009145700000;
r[2]=0.050925300000;
r[3]=0.070227600000;
r[4]=0.149701400000;
p[0]=0.003681808034;
p[1]=0.007363616068;
p[2]=0.014727232136;
p[3]=0.024133564272;
p[4]=0.028699128544;
ww[1][1]=0.009042150000;
ww[1][2]=0.000207100000;
ww[1][3]=0.000332500000;
ww[1][4]=0.000383000000;
ww[2][2]=0.002692318982;
ww[2][3]=0.003575800000;
ww[2][4]=0.003065300000;
ww[3][3]=0.067702293138;
ww[3][4]=0.002921500000;
ww[4][4]=0.013433267932;

List sizes:
L(0) = 0.029626519036
L(1) = 0.050925299289
L(2) = 0.060224210766
L(3) = 0.058584954730
L(4) = -0.004269674339
Time for producing the lists:
T(1) = 0.059253038072
T(2) = 0.066124327011
T(3) = 0.066124330695
T(4) = 0.066124330519
Correctness Lemma:
E(2) = 0.005788632136
E(3) = 0.000000000118
E(4) = 0.000000000164
Success probability = -0.004269674339
Complexity = 0.070394005034
