Both-May parameters:
R=0.420000000000;
t=0.138387427622;
r[1]=0.077048200000;
r[2]=0.076938300000;
r[3]=0.124278900000;
r[4]=0.301734600000;
p[0]=0.008521825000;
p[1]=0.017043650000;
p[2]=0.033265700000;
p[3]=0.046725700000;
p[4]=0.051515200000;
ww[1][1]=0.010069281693;
ww[1][2]=0.006103100000;
ww[1][3]=0.008572600000;
ww[1][4]=0.009450600000;
ww[2][2]=0.006093560664;
ww[2][3]=0.008559100000;
ww[2][4]=0.009436700000;
ww[3][3]=0.013713338123;
ww[3][4]=0.015168500000;
ww[4][4]=0.052816427622;

List sizes:
L(0) = 0.051438601271
L(1) = 0.068923774734
L(2) = 0.075246640516
L(3) = 0.073098943419
L(4) = -0.003388515413
Time for producing the lists:
T(1) = 0.068923774734
T(2) = 0.091635038508
T(3) = 0.091635593370
T(4) = 0.091635593366
Correctness Lemma:
E(2) = 0.000000000126
E(3) = 0.000000000005
E(4) = 0.000000000004
Success probability = -0.003388515413
Complexity = 0.095024108783
