Both-May parameters:
R=0.560000000000;
t=0.091060573196;
r[1]=0.015354900000;
r[2]=0.088499300000;
r[3]=0.104103300000;
r[4]=0.232042500000;
p[0]=0.006171408034;
p[1]=0.012342816068;
p[2]=0.024685632136;
p[3]=0.037830364272;
p[4]=0.043294728544;
ww[1][1]=0.000418850000;
ww[1][2]=0.000837700000;
ww[1][3]=0.001176000000;
ww[1][4]=0.001279200000;
ww[2][2]=0.004834359440;
ww[2][3]=0.006782000000;
ww[2][4]=0.007374900000;
ww[3][3]=0.007696833476;
ww[3][4]=0.008489700000;
ww[4][4]=0.030622044652;

List sizes:
L(0) = 0.042770086942
L(1) = 0.072957624613
L(2) = 0.073886263196
L(3) = 0.071937699069
L(4) = -0.004118238498
Time for producing the lists:
T(1) = 0.085540173884
T(2) = 0.084473000289
T(3) = 0.085540174543
T(4) = 0.085540174647
Correctness Lemma:
E(2) = 0.010168432136
E(3) = 0.000000000001
E(4) = 0.000000000003
Success probability = -0.004118238498
Complexity = 0.089658413145
