Both-May parameters:
R=0.190000000000;
t=0.249195166680;
r[1]=0.127231602981;
r[2]=0.121857190342;
r[3]=0.149770268909;
r[4]=0.411140937768;
p[0]=0.008921400000;
p[1]=0.017842800000;
p[2]=0.034649600000;
p[3]=0.042749200000;
p[4]=0.044975679350;
ww[1][1]=0.027593588190;
ww[1][2]=0.023252050000;
ww[1][3]=0.028562100000;
ww[1][4]=0.030086600000;
ww[2][2]=0.022710355293;
ww[2][3]=0.027710800000;
ww[2][4]=0.029010800000;
ww[3][3]=0.032306033873;
ww[3][4]=0.034690100000;
ww[4][4]=0.110431987329;

List sizes:
L(0) = 0.042691692156
L(1) = 0.054138300697
L(2) = 0.052939350802
L(3) = 0.051951033068
L(4) = -0.001022646058
Time for producing the lists:
T(1) = 0.058727111298
T(2) = 0.073123362778
T(3) = 0.073143825228
T(4) = 0.073143972366
Correctness Lemma:
E(2) = 0.000009403744
E(3) = 0.000000024010
E(4) = 0.000000000842
Success probability = -0.001022646058
Complexity = 0.074166618424
