Both-May parameters:
R=0.840000000000;
t=0.023376429727;
r[1]=0.015350013346;
r[2]=0.001209720880;
r[3]=0.051044562670;
r[4]=0.092395703105;
p[0]=0.001995587500;
p[1]=0.003991175000;
p[2]=0.006508350000;
p[3]=0.012676700000;
p[4]=0.015958039489;
ww[1][1]=0.000081800755;
ww[1][2]=0.000133882504;
ww[1][3]=0.000252014125;
ww[1][4]=0.000305277762;
ww[2][2]=0.000568177210;
ww[2][3]=0.000035857521;
ww[2][4]=0.000036143361;
ww[3][3]=0.001778265766;
ww[3][4]=0.001601000000;
ww[4][4]=0.005475969115;

List sizes:
L(0) = 0.018272984427
L(1) = 0.021931405983
L(2) = 0.040744332680
L(3) = 0.040461851068
L(4) = -0.003298524288
Time for producing the lists:
T(1) = 0.036545968853
T(2) = 0.043862811965
T(3) = 0.043857621670
T(4) = 0.043862808063
Correctness Lemma:
E(2) = 0.000000640288
E(3) = 0.000000141331
E(4) = 0.000000001050
Success probability = -0.003298524288
Complexity = 0.047161336253
