Both-May parameters:
R=0.780000000000;
t=0.035234780401;
r[1]=0.006897400000;
r[2]=0.039156700000;
r[3]=0.057764600000;
r[4]=0.116181300000;
p[0]=0.002640458034;
p[1]=0.005280916068;
p[2]=0.010561832136;
p[3]=0.018139264272;
p[4]=0.022208128544;
ww[1][1]=0.006850650000;
ww[1][2]=0.000093500000;
ww[1][3]=0.000160500000;
ww[1][4]=0.000196400000;
ww[2][2]=0.035827051375;
ww[2][3]=0.004087100000;
ww[2][4]=0.002454600000;
ww[3][3]=0.001435138418;
ww[3][4]=0.001712700000;
ww[4][4]=0.008662951857;

List sizes:
L(0) = 0.022825022991
L(1) = 0.039156693945
L(2) = 0.051779365432
L(3) = 0.050169450807
L(4) = -0.004280795534
Time for producing the lists:
T(1) = 0.045650045981
T(2) = 0.055589691883
T(3) = 0.055589697314
T(4) = 0.055589697503
Correctness Lemma:
E(2) = 0.003757932136
E(3) = 0.000000000058
E(4) = 0.000000000020
Success probability = -0.004280795534
Complexity = 0.059870493037
