Both-May parameters:
R=0.433000000000;
t=0.133515044290;
r[1]=0.073025200000;
r[2]=0.074918300000;
r[3]=0.123677100000;
r[4]=0.295379400000;
p[0]=0.008289737500;
p[1]=0.016579475000;
p[2]=0.032507450000;
p[3]=0.046097800000;
p[4]=0.050991600000;
ww[1][1]=0.063671213993;
ww[1][2]=0.005488000000;
ww[1][3]=0.007777200000;
ww[1][4]=0.008600800000;
ww[2][2]=0.069283472149;
ww[2][3]=0.007983900000;
ww[2][4]=0.008827300000;
ww[3][3]=0.013265156190;
ww[3][4]=0.014630700000;
ww[4][4]=0.050464644290;

List sizes:
L(0) = 0.050746557936
L(1) = 0.068791245856
L(2) = 0.075535428239
L(3) = 0.073378530553
L(4) = -0.003503488317
Time for producing the lists:
T(1) = 0.068791245856
T(2) = 0.091513953994
T(3) = 0.091514699417
T(4) = 0.091514700375
Correctness Lemma:
E(2) = 0.000000003630
E(3) = 0.000000000095
E(4) = 0.000000000004
Success probability = -0.003503488317
Complexity = 0.095018188692
