Both-May parameters:
R=0.270000000000;
t=0.204073163060;
r[1]=0.067779500000;
r[2]=0.142983600000;
r[3]=0.145491000000;
r[4]=0.373745900000;
p[0]=0.009151698173;
p[1]=0.018303396345;
p[2]=0.036606792691;
p[3]=0.047534285381;
p[4]=0.050935070762;
ww[1][1]=0.008843360752;
ww[1][2]=0.009191542691;
ww[1][3]=0.011933385381;
ww[1][4]=0.012786770762;
ww[2][2]=0.019393936904;
ww[2][3]=0.025177735381;
ww[2][4]=0.026976570762;
ww[3][3]=0.025108404334;
ww[3][4]=0.027138970762;
ww[4][4]=0.086235780012;

List sizes:
L(0) = 0.048279113059
L(1) = 0.066649341911
L(2) = 0.064523295144
L(3) = 0.063069263766
L(4) = -0.001864774725
Time for producing the lists:
T(1) = 0.066649341911
T(2) = 0.082053854017
T(3) = 0.084677753131
T(4) = 0.084677753149
Correctness Lemma:
E(2) = 0.000000000085
E(3) = 0.000000000018
E(4) = 0.000000000000
Success probability = -0.001864774725
Complexity = 0.086542527874
