Both-May parameters:
R=0.110000000000;
t=0.307272585479;
r[1]=0.143262000000;
r[2]=0.128856100000;
r[3]=0.170328500000;
r[4]=0.447553400000;
p[0]=0.007102875000;
p[1]=0.014205750000;
p[2]=0.027154400000;
p[3]=0.031770000000;
p[4]=0.032883300000;
ww[1][1]=0.038056654052;
ww[1][2]=0.035390400000;
ww[1][3]=0.041383200000;
ww[1][4]=0.042829800000;
ww[2][2]=0.031835929118;
ww[2][3]=0.037222800000;
ww[2][4]=0.038523400000;
ww[3][3]=0.048462708551;
ww[3][4]=0.050565900000;
ww[4][4]=0.142470185479;

List sizes:
L(0) = 0.030529601677
L(1) = 0.037441602127
L(2) = 0.036051822924
L(3) = 0.035685020939
L(4) = -0.000337128583
Time for producing the lists:
T(1) = 0.043917938365
T(2) = 0.053590644244
T(3) = 0.053590925662
T(4) = 0.053590925665
Correctness Lemma:
E(2) = 0.000000000037
E(3) = 0.000000000010
E(4) = 0.000000000000
Success probability = -0.000337128583
Complexity = 0.053928054248
