Both-May parameters:
R=0.429000000000;
t=0.135002627107;
r[1]=0.055761000000;
r[2]=0.095424700000;
r[3]=0.122481300000;
r[4]=0.297333000000;
p[0]=0.008232987500;
p[1]=0.016465975000;
p[2]=0.032931950000;
p[3]=0.046416500000;
p[4]=0.051242300000;
ww[1][1]=0.005666764600;
ww[1][2]=0.004280800000;
ww[1][3]=0.006033400000;
ww[1][4]=0.006660500000;
ww[2][2]=0.007327520199;
ww[2][3]=0.010327000000;
ww[2][4]=0.011399600000;
ww[3][3]=0.013098143143;
ww[3][4]=0.014526600000;
ww[4][4]=0.051173627107;

List sizes:
L(0) = 0.050369950461
L(1) = 0.071416788309
L(2) = 0.075487588169
L(3) = 0.073306928049
L(4) = -0.003464967043
Time for producing the lists:
T(1) = 0.071416788309
T(2) = 0.084814937346
T(3) = 0.091566592186
T(4) = 0.091566592203
Correctness Lemma:
E(2) = 0.000000000104
E(3) = 0.000000000028
E(4) = 0.000000000000
Success probability = -0.003464967043
Complexity = 0.095031559246
