Both-May parameters:
R=0.470000000000;
t=0.120222466333;
r[1]=0.049540200000;
r[2]=0.086758900000;
r[3]=0.116625300000;
r[4]=0.277075600000;
p[0]=0.007735487500;
p[1]=0.015470975000;
p[2]=0.030941950000;
p[3]=0.044527500000;
p[4]=0.049529600000;
ww[1][1]=0.004453807351;
ww[1][2]=0.003261800000;
ww[1][3]=0.004693600000;
ww[1][4]=0.005220700000;
ww[2][2]=0.005713494945;
ww[2][3]=0.008221200000;
ww[2][4]=0.009144000000;
ww[3][3]=0.011002574734;
ww[3][4]=0.012258400000;
ww[4][4]=0.044069766333;

List sizes:
L(0) = 0.049071691663
L(1) = 0.070209923924
L(2) = 0.076023557267
L(3) = 0.073760544087
L(4) = -0.003754841379
Time for producing the lists:
T(1) = 0.070209923924
T(2) = 0.084049191124
T(3) = 0.090672058386
T(4) = 0.090672058454
Correctness Lemma:
E(2) = 0.000000000050
E(3) = 0.000000000031
E(4) = 0.000000000001
Success probability = -0.003754841379
Complexity = 0.094426899833
