Both-May parameters:
R=0.435000000000;
t=0.132775069162;
r[1]=0.072945100000;
r[2]=0.074148800000;
r[3]=0.123547400000;
r[4]=0.294358700000;
p[0]=0.008276637500;
p[1]=0.016553275000;
p[2]=0.032406150000;
p[3]=0.046016800000;
p[4]=0.050931600000;
ww[1][1]=0.063672296537;
ww[1][2]=0.005433000000;
ww[1][3]=0.007711600000;
ww[1][4]=0.008537600000;
ww[2][2]=0.068615305933;
ww[2][3]=0.007846900000;
ww[2][4]=0.008683100000;
ww[3][3]=0.110352023058;
ww[3][4]=0.014548800000;
ww[4][4]=0.050073969162;

List sizes:
L(0) = 0.050741722976
L(1) = 0.068620758444
L(2) = 0.075579246319
L(3) = 0.073437445308
L(4) = -0.003502452155
Time for producing the lists:
T(1) = 0.068620758444
T(2) = 0.091488574293
T(3) = 0.091505392917
T(4) = 0.091505393170
Correctness Lemma:
E(2) = 0.000000010193
E(3) = 0.000000000438
E(4) = 0.000000000003
Success probability = -0.003502452155
Complexity = 0.095007845325
