Both-May parameters:
R=0.432000000000;
t=0.133885983255;
r[1]=0.072865800000;
r[2]=0.075823300000;
r[3]=0.123440100000;
r[4]=0.295870800000;
p[0]=0.008301587500;
p[1]=0.016603175000;
p[2]=0.032611550000;
p[3]=0.046180900000;
p[4]=0.051054100000;
ww[1][1]=0.063492088901;
ww[1][2]=0.005499900000;
ww[1][3]=0.007784900000;
ww[1][4]=0.008608400000;
ww[2][2]=0.070093951226;
ww[2][3]=0.008107900000;
ww[2][4]=0.008962400000;
ww[3][3]=0.110204752623;
ww[3][4]=0.014614100000;
ww[4][4]=0.050646983255;

List sizes:
L(0) = 0.050773417258
L(1) = 0.069027279081
L(2) = 0.075522826526
L(3) = 0.073357127406
L(4) = -0.003496971890
Time for producing the lists:
T(1) = 0.069027279081
T(2) = 0.091525187286
T(3) = 0.091525367739
T(4) = 0.091525367779
Correctness Lemma:
E(2) = 0.000000011253
E(3) = 0.000000000511
E(4) = 0.000000000002
Success probability = -0.003496971890
Complexity = 0.095022339670
