Both-May parameters:
R=0.437000000000;
t=0.132037619379;
r[1]=0.073693300000;
r[2]=0.072092600000;
r[3]=0.123869600000;
r[4]=0.293344500000;
p[0]=0.008275437500;
p[1]=0.016550875000;
p[2]=0.032234350000;
p[3]=0.045866600000;
p[4]=0.050824600000;
ww[1][1]=0.064426990348;
ww[1][2]=0.005442800000;
ww[1][3]=0.007737200000;
ww[1][4]=0.008572200000;
ww[2][2]=0.066776383170;
ww[2][3]=0.007564300000;
ww[2][4]=0.008382700000;
ww[3][3]=0.110621128353;
ww[3][4]=0.014570600000;
ww[4][4]=0.049687519379;

List sizes:
L(0) = 0.050791963419
L(1) = 0.068100831562
L(2) = 0.075582662937
L(3) = 0.073493023117
L(4) = -0.003502891951
Time for producing the lists:
T(1) = 0.068100831562
T(2) = 0.091485044742
T(3) = 0.091492432810
T(4) = 0.091492432826
Correctness Lemma:
E(2) = 0.000000000327
E(3) = 0.000000000981
E(4) = 0.000000000007
Success probability = -0.003502891951
Complexity = 0.094995324777
