Both-May parameters:
R=0.240000000000;
t=0.219908285709;
r[1]=0.106736700000;
r[2]=0.115072700000;
r[3]=0.150417300000;
r[4]=0.387773300000;
p[0]=0.009083810673;
p[1]=0.018167621345;
p[2]=0.036165842690;
p[3]=0.046199985381;
p[4]=0.049226570762;
ww[1][1]=0.020908248378;
ww[1][2]=0.016094617690;
ww[1][3]=0.020554435381;
ww[1][4]=0.021897670762;
ww[2][2]=0.017353941853;
ww[2][3]=0.022160985381;
ww[2][4]=0.023608170762;
ww[3][3]=0.028466633445;
ww[3][4]=0.030564370762;
ww[4][4]=0.094611502661;

List sizes:
L(0) = 0.046420549402
L(1) = 0.062274252010
L(2) = 0.060677476441
L(3) = 0.059433848996
L(4) = -0.001532970382
Time for producing the lists:
T(1) = 0.063728441039
T(2) = 0.081125686451
T(3) = 0.081126204351
T(4) = 0.081126204363
Correctness Lemma:
E(2) = 0.000000000000
E(3) = 0.000000000022
E(4) = 0.000000000001
Success probability = -0.001532970382
Complexity = 0.082659174744
