Both-May parameters:
R=0.770000000000;
t=0.037348457327;
r[1]=0.020403000000;
r[2]=0.001019000000;
r[3]=0.072085543685;
r[4]=0.136492456315;
p[0]=0.002781648568;
p[1]=0.005563297136;
p[2]=0.009210828242;
p[3]=0.018029479357;
p[4]=0.022588268244;
ww[1][1]=0.000161674976;
ww[1][2]=0.000264350000;
ww[1][3]=0.000499700000;
ww[1][4]=0.000621200000;
ww[2][2]=0.000027156250;
ww[2][3]=0.000039000000;
ww[2][4]=0.000041000000;
ww[3][3]=0.002948323134;
ww[3][4]=0.002995400000;
ww[4][4]=0.011102589083;

List sizes:
L(0) = 0.023783777143
L(1) = 0.028525292521
L(2) = 0.052818382051
L(3) = 0.051239168812
L(4) = -0.005119841374
Time for producing the lists:
T(1) = 0.047567554286
T(2) = 0.057050585042
T(3) = 0.057043239391
T(4) = 0.057050641903
Correctness Lemma:
E(2) = 0.000001213076
E(3) = 0.000000101291
E(4) = 0.000000004119
Success probability = -0.005119841374
Complexity = 0.062170483277
