Both-May parameters:
R=0.800000000000;
t=0.031124460305;
r[1]=0.006587200000;
r[2]=0.035096500000;
r[3]=0.053471700000;
r[4]=0.104844600000;
p[0]=0.002333108034;
p[1]=0.004666216068;
p[2]=0.009332432136;
p[3]=0.016272264272;
p[4]=0.020072828544;
ww[1][1]=0.006548750000;
ww[1][2]=0.000076900000;
ww[1][3]=0.000134100000;
ww[1][4]=0.000165400000;
ww[2][2]=0.031655009264;
ww[2][3]=0.004129600000;
ww[2][4]=0.002197300000;
ww[3][3]=0.001177647911;
ww[3][4]=0.001410800000;
ww[4][4]=0.007278131761;

List sizes:
L(0) = 0.020671529568
L(1) = 0.035096488233
L(2) = 0.048477499251
L(3) = 0.046971820872
L(4) = -0.004175407296
Time for producing the lists:
T(1) = 0.041343059137
T(2) = 0.051339453462
T(3) = 0.051723899730
T(4) = 0.051723899676
Correctness Lemma:
E(2) = 0.002822132136
E(3) = 0.000000000143
E(4) = 0.000000000008
Success probability = -0.004175407296
Complexity = 0.055899307026
