Both-May parameters:
R=0.423000000000;
t=0.137253299330;
r[1]=0.080433000000;
r[2]=0.074293600000;
r[3]=0.121970200000;
r[4]=0.300303200000;
p[0]=0.008697662500;
p[1]=0.017395325000;
p[2]=0.033383950000;
p[3]=0.046807600000;
p[4]=0.051549400000;
ww[1][1]=0.010127114904;
ww[1][2]=0.006350500000;
ww[1][3]=0.008902100000;
ww[1][4]=0.009803000000;
ww[2][2]=0.005865519174;
ww[2][3]=0.008221100000;
ww[2][4]=0.009053900000;
ww[3][3]=0.013063649383;
ww[3][4]=0.014571200000;
ww[4][4]=0.052275799330;

List sizes:
L(0) = 0.052329499268
L(1) = 0.068150990029
L(2) = 0.075438385082
L(3) = 0.073167217041
L(4) = -0.003421391868
Time for producing the lists:
T(1) = 0.068150990029
T(2) = 0.091612186762
T(3) = 0.091612297869
T(4) = 0.091612297872
Correctness Lemma:
E(2) = 0.000000000165
E(3) = 0.000000000027
E(4) = 0.000000000000
Success probability = -0.003421391868
Complexity = 0.095033689739
