Both-May parameters:
R=0.880000000000;
t=0.016278251891;
r[1]=0.010225191047;
r[2]=0.000727705553;
r[3]=0.039630352017;
r[4]=0.069416751383;
p[0]=0.001410486870;
p[1]=0.002820973740;
p[2]=0.004797724396;
p[3]=0.009509813095;
p[4]=0.012048121107;
ww[1][1]=0.000037182315;
ww[1][2]=0.000054500000;
ww[1][3]=0.000109000000;
ww[1][4]=0.000136000000;
ww[2][2]=0.000236686935;
ww[2][3]=0.000020000000;
ww[2][4]=0.000020000000;
ww[3][3]=0.001008602813;
ww[3][4]=0.000882000000;
ww[4][4]=0.003192130785;

List sizes:
L(0) = 0.013717755861
L(1) = 0.017565165055
L(2) = 0.033176183554
L(3) = 0.032960536488
L(4) = -0.002198260618
Time for producing the lists:
T(1) = 0.027435511722
T(2) = 0.035130330111
T(3) = 0.035129315210
T(4) = 0.035131219857
Correctness Lemma:
E(2) = 0.000000240787
E(3) = 0.000000744399
E(4) = 0.000000016667
Success probability = -0.002198260618
Complexity = 0.037329480475
