Both-May parameters:
R=0.150000000000;
t=0.276040891840;
r[1]=0.135199900000;
r[2]=0.124481800000;
r[3]=0.160926600000;
r[4]=0.429391700000;
p[0]=0.008197312500;
p[1]=0.016394625000;
p[2]=0.031690850000;
p[3]=0.038111200000;
p[4]=0.039796600000;
ww[1][1]=0.032311120816;
ww[1][2]=0.028588850000;
ww[1][3]=0.034356100000;
ww[1][4]=0.035872600000;
ww[2][2]=0.026325107182;
ww[2][3]=0.031632800000;
ww[2][4]=0.033028800000;
ww[3][3]=0.039981327034;
ww[3][4]=0.042218100000;
ww[4][4]=0.125124791840;

List sizes:
L(0) = 0.037334502231
L(1) = 0.046730336965
L(2) = 0.045179419502
L(3) = 0.044551301784
L(4) = -0.000642973336
Time for producing the lists:
T(1) = 0.052372580663
T(2) = 0.064585807361
T(3) = 0.064585829084
T(4) = 0.064585829191
Correctness Lemma:
E(2) = 0.000000000000
E(3) = 0.000000000007
E(4) = 0.000000000000
Success probability = -0.000642973336
Complexity = 0.065228802527
