Both-May parameters:
R=0.444000000000;
t=0.129476232865;
r[1]=0.055027300000;
r[2]=0.090425600000;
r[3]=0.120581900000;
r[4]=0.289965200000;
p[0]=0.008050862500;
p[1]=0.016101725000;
p[2]=0.032203450000;
p[3]=0.045757600000;
p[4]=0.050660500000;
ww[1][1]=0.049417826138;
ww[1][2]=0.003987650000;
ww[1][3]=0.005668300000;
ww[1][4]=0.006276900000;
ww[2][2]=0.083863248264;
ww[2][3]=0.009320200000;
ww[2][4]=0.010318900000;
ww[3][3]=0.012351548134;
ww[3][4]=0.013705300000;
ww[4][4]=0.048514632865;

List sizes:
L(0) = 0.049927308611
L(1) = 0.070971598310
L(2) = 0.075767393031
L(3) = 0.073557365923
L(4) = -0.003588682044
Time for producing the lists:
T(1) = 0.070971598310
T(2) = 0.085467775964
T(3) = 0.091341484764
T(4) = 0.091341485596
Correctness Lemma:
E(2) = 0.000000012463
E(3) = 0.000000002205
E(4) = 0.000000000008
Success probability = -0.003588682044
Complexity = 0.094930167640
