Both-May parameters:
R=0.750000000000;
t=0.041692690274;
r[1]=0.030021500000;
r[2]=0.000000000000;
r[3]=0.081594000000;
r[4]=0.138384500000;
p[0]=0.003580737500;
p[1]=0.007161475000;
p[2]=0.010758950000;
p[3]=0.019963700000;
p[4]=0.025068400000;
ww[1][1]=0.000297225117;
ww[1][2]=0.000444900000;
ww[1][3]=0.000805800000;
ww[1][4]=0.001006200000;
ww[2][2]=0.000000000000;
ww[2][3]=0.000000000000;
ww[2][4]=0.000000000000;
ww[3][3]=0.005366516652;
ww[3][4]=0.004482200000;
ww[4][4]=0.011135890274;

List sizes:
L(0) = 0.029169672931
L(1) = 0.030723534225
L(2) = 0.054609046195
L(3) = 0.055143733388
L(4) = -0.004246346827
Time for producing the lists:
T(1) = 0.030723534225
T(2) = 0.061447068450
T(3) = 0.061444093123
T(4) = 0.061447068278
Correctness Lemma:
E(2) = 0.000000000006
E(3) = 0.000000010198
E(4) = 0.000000000136
Success probability = -0.004246346827
Complexity = 0.065693415277
