Both-May parameters:
R=0.140000000000;
t=0.283368405476;
r[1]=0.133966800000;
r[2]=0.129244300000;
r[3]=0.162837800000;
r[4]=0.433951100000;
p[0]=0.007951056250;
p[1]=0.015902112500;
p[2]=0.030739525000;
p[3]=0.036709750000;
p[4]=0.038248200000;
ww[1][1]=0.032568011979;
ww[1][2]=0.029427550000;
ww[1][3]=0.035129300000;
ww[1][4]=0.036600800000;
ww[2][2]=0.028397932729;
ww[2][3]=0.033891400000;
ww[2][4]=0.035310900000;
ww[3][3]=0.041816934815;
ww[3][4]=0.044035100000;
ww[4][4]=0.129173405476;

List sizes:
L(0) = 0.035744806194
L(1) = 0.044718481407
L(2) = 0.043038404663
L(3) = 0.042481650239
L(4) = -0.000558948206
Time for producing the lists:
T(1) = 0.050349921110
T(2) = 0.062087960227
T(3) = 0.062088158512
T(4) = 0.062088158542
Correctness Lemma:
E(2) = 0.000000000156
E(3) = 0.000000000019
E(4) = 0.000000000000
Success probability = -0.000558948206
Complexity = 0.062647106748
