Both-May parameters:
R=0.820000000000;
t=0.027171033169;
r[1]=0.017838542897;
r[2]=0.000050000000;
r[3]=0.058877185023;
r[4]=0.103234272080;
p[0]=0.002289700509;
p[1]=0.004579401018;
p[2]=0.007382670480;
p[3]=0.014280571376;
p[4]=0.017892867996;
ww[1][1]=0.000105081867;
ww[1][2]=0.000158366342;
ww[1][3]=0.000306732684;
ww[1][4]=0.000389465369;
ww[2][2]=0.000025000000;
ww[2][3]=0.000002000000;
ww[2][4]=0.000002000000;
ww[3][3]=0.002406926211;
ww[3][4]=0.002155000000;
ww[4][4]=0.006731699804;

List sizes:
L(0) = 0.020430952421
L(1) = 0.023952892776
L(2) = 0.044238861325
L(3) = 0.043855972944
L(4) = -0.003779428514
Time for producing the lists:
T(1) = 0.040861904842
T(2) = 0.047905785553
T(3) = 0.047906003481
T(4) = 0.047906383862
Correctness Lemma:
E(2) = 0.000000694687
E(3) = 0.000000089289
E(4) = 0.000000111720
Success probability = -0.003779428514
Complexity = 0.051685812377
