Both-May parameters:
R=0.160000000000;
t=0.268981948329;
r[1]=0.134484900000;
r[2]=0.127238800000;
r[3]=0.152701600000;
r[4]=0.425574700000;
p[0]=0.008431792469;
p[1]=0.016863584938;
p[2]=0.032602051302;
p[3]=0.039364134395;
p[4]=0.041227278614;
ww[1][1]=0.031498302911;
ww[1][2]=0.027890050000;
ww[1][3]=0.033213100000;
ww[1][4]=0.034715600000;
ww[2][2]=0.026093814856;
ww[2][3]=0.031427800000;
ww[2][4]=0.032842800000;
ww[3][3]=0.036461807629;
ww[3][4]=0.038725100000;
ww[4][4]=0.121471169715;

List sizes:
L(0) = 0.038870008670
L(1) = 0.048864219489
L(2) = 0.047155215760
L(3) = 0.046523723199
L(4) = -0.000741124959
Time for producing the lists:
T(1) = 0.054302837092
T(2) = 0.066910869566
T(3) = 0.066924424520
T(4) = 0.066924542001
Correctness Lemma:
E(2) = 0.000011332002
E(3) = 0.000000048274
E(4) = 0.000000000202
Success probability = -0.000741124959
Complexity = 0.067665666960
