Both-May parameters:
R=0.050000000000;
t=0.369127748985;
r[1]=0.074784981272;
r[2]=0.104389344125;
r[3]=0.297242316426;
r[4]=0.473583358177;
p[0]=0.003577175000;
p[1]=0.007154350000;
p[2]=0.014308700000;
p[3]=0.017305900000;
p[4]=0.018027118564;
ww[1][1]=0.021655725028;
ww[1][2]=0.021445200000;
ww[1][3]=0.025901300000;
ww[1][4]=0.026968400000;
ww[2][2]=0.029949850151;
ww[2][3]=0.036100200000;
ww[2][4]=0.037624100000;
ww[3][3]=0.109360570159;
ww[3][4]=0.109601200000;
ww[4][4]=0.176906930420;

List sizes:
L(0) = 0.014806665989
L(1) = 0.019754372519
L(2) = 0.018927825462
L(3) = 0.018930045920
L(4) = -0.000081686635
Time for producing the lists:
T(1) = 0.022091560051
T(2) = 0.029237547660
T(3) = 0.030678063487
T(4) = 0.030678106165
Correctness Lemma:
E(2) = 0.000000836223
E(3) = 0.000000000296
E(4) = 0.000000000006
Success probability = -0.000081686635
Complexity = 0.030759792800
