Both-May parameters:
R=0.447000000000;
t=0.128387769511;
r[1]=0.054401900000;
r[2]=0.090785600000;
r[3]=0.119347700000;
r[4]=0.288464800000;
p[0]=0.008044262500;
p[1]=0.016088525000;
p[2]=0.032177050000;
p[3]=0.045712600000;
p[4]=0.050602500000;
ww[1][1]=0.048954138865;
ww[1][2]=0.003915550000;
ww[1][3]=0.005559900000;
ww[1][4]=0.006157700000;
ww[2][2]=0.084253441170;
ww[2][3]=0.009279800000;
ww[2][4]=0.010276500000;
ww[3][3]=0.107337273808;
ww[3][4]=0.013385300000;
ww[4][4]=0.047965769511;

List sizes:
L(0) = 0.049975670831
L(1) = 0.071087684533
L(2) = 0.075854753949
L(3) = 0.073614454701
L(4) = -0.003597117587
Time for producing the lists:
T(1) = 0.071087684533
T(2) = 0.085267720606
T(3) = 0.091296409361
T(4) = 0.091296409385
Correctness Lemma:
E(2) = 0.000000004651
E(3) = 0.000000000543
E(4) = 0.000000000003
Success probability = -0.003597117587
Complexity = 0.094893526971
