Both-May parameters:
R=0.460000000000;
t=0.123734095371;
r[1]=0.051605300000;
r[2]=0.088781000000;
r[3]=0.117605100000;
r[4]=0.282008600000;
p[0]=0.007881612500;
p[1]=0.015763225000;
p[2]=0.031526450000;
p[3]=0.045099700000;
p[4]=0.050054700000;
ww[1][1]=0.004857230225;
ww[1][2]=0.003536300000;
ww[1][3]=0.005058400000;
ww[1][4]=0.005614800000;
ww[2][2]=0.006086964513;
ww[2][3]=0.008706200000;
ww[2][4]=0.009662000000;
ww[3][3]=0.011367077267;
ww[3][4]=0.012686000000;
ww[4][4]=0.045716595371;

List sizes:
L(0) = 0.049533474901
L(1) = 0.070688326722
L(2) = 0.076020937947
L(3) = 0.073744538859
L(4) = -0.003677173657
Time for producing the lists:
T(1) = 0.070688326722
T(2) = 0.084604100774
T(3) = 0.090992018302
T(4) = 0.090992018456
Correctness Lemma:
E(2) = 0.000000000066
E(3) = 0.000000000006
E(4) = 0.000000000001
Success probability = -0.003677173657
Complexity = 0.094669192113
