Both-May parameters:
R=0.426000000000;
t=0.136125049301;
r[1]=0.057496800000;
r[2]=0.094769300000;
r[3]=0.122943700000;
r[4]=0.298790200000;
p[0]=0.008266450000;
p[1]=0.016532900000;
p[2]=0.033065800000;
p[3]=0.046541100000;
p[4]=0.051351300000;
ww[1][1]=0.006095779783;
ww[1][2]=0.004463500000;
ww[1][3]=0.006282400000;
ww[1][4]=0.006931400000;
ww[2][2]=0.007357764077;
ww[2][3]=0.010355400000;
ww[2][4]=0.011424800000;
ww[3][3]=0.013264265710;
ww[3][4]=0.014710100000;
ww[4][4]=0.051707449301;

List sizes:
L(0) = 0.050439994604
L(1) = 0.071429636582
L(2) = 0.075426026906
L(3) = 0.073248760447
L(4) = -0.003434812661
Time for producing the lists:
T(1) = 0.071429636582
T(2) = 0.085416589096
T(3) = 0.091600034948
T(4) = 0.091600034950
Correctness Lemma:
E(2) = 0.000000000049
E(3) = 0.000000000004
E(4) = 0.000000000005
Success probability = -0.003434812661
Complexity = 0.095034847611