Both-May parameters:
R=0.500000000000;
t=0.110027864438;
r[1]=0.050000900000;
r[2]=0.076734300000;
r[3]=0.111077700000;
r[4]=0.262187100000;
p[0]=0.007367787500;
p[1]=0.014735575000;
p[2]=0.029471150000;
p[3]=0.042927300000;
p[4]=0.047964800000;
ww[1][1]=0.004865891803;
ww[1][2]=0.002948200000;
ww[1][3]=0.004293800000;
ww[1][4]=0.004797200000;
ww[2][2]=0.004523638957;
ww[2][3]=0.006588200000;
ww[2][4]=0.007361200000;
ww[3][3]=0.009429899966;
ww[3][4]=0.010581100000;
ww[4][4]=0.039323564438;

List sizes:
L(0) = 0.047933182147
L(1) = 0.068887357769
L(2) = 0.075852676154
L(3) = 0.073537211247
L(4) = -0.003946335575
Time for producing the lists:
T(1) = 0.068887357769
T(2) = 0.085846354781
T(3) = 0.089399315618
T(4) = 0.089399315634
Correctness Lemma:
E(2) = 0.000000000265
E(3) = 0.000000000020
E(4) = 0.000000000001
Success probability = -0.003946335575
Complexity = 0.093345651209
