Both-May parameters:
R=0.790000000000;
t=0.033160087025;
r[1]=0.006506000000;
r[2]=0.037287900000;
r[3]=0.055556400000;
r[4]=0.110649700000;
p[0]=0.002481333034;
p[1]=0.004962666068;
p[2]=0.009925332136;
p[3]=0.017174364272;
p[4]=0.021101528544;
ww[1][1]=0.006465250000;
ww[1][2]=0.000081500000;
ww[1][3]=0.000141100000;
ww[1][4]=0.000173600000;
ww[2][2]=0.033908942317;
ww[2][3]=0.004092900000;
ww[2][4]=0.002330400000;
ww[3][3]=0.054249595169;
ww[3][4]=0.001561500000;
ww[4][4]=0.007993058481;

List sizes:
L(0) = 0.021718481718
L(1) = 0.037287810958
L(2) = 0.050093103463
L(3) = 0.048546906957
L(4) = -0.004276006837
Time for producing the lists:
T(1) = 0.043436963436
T(2) = 0.053639566428
T(3) = 0.053639638142
T(4) = 0.053639638091
Correctness Lemma:
E(2) = 0.003500832136
E(3) = 0.000000000004
E(4) = 0.000000000022
Success probability = -0.004276006837
Complexity = 0.057915644979
