Both-May parameters:
R=0.220000000000;
t=0.231143868490;
r[1]=0.126577400000;
r[2]=0.103955200000;
r[3]=0.152397900000;
r[4]=0.397069500000;
p[0]=0.009235460673;
p[1]=0.018470921345;
p[2]=0.035717542690;
p[3]=0.045041685381;
p[4]=0.047770070762;
ww[1][1]=0.026071644695;
ww[1][2]=0.020554867690;
ww[1][3]=0.025915335381;
ww[1][4]=0.027484870762;
ww[2][2]=0.016884845646;
ww[2][3]=0.021284885381;
ww[2][4]=0.022573570762;
ww[3][3]=0.030529295623;
ww[3][4]=0.032701870762;
ww[4][4]=0.100613485442;

List sizes:
L(0) = 0.045757436335
L(1) = 0.057809367173
L(2) = 0.057795554198
L(3) = 0.056666734423
L(4) = -0.001317156222
Time for producing the lists:
T(1) = 0.062238816087
T(2) = 0.078266114433
T(3) = 0.078266378108
T(4) = 0.078266378157
Correctness Lemma:
E(2) = 0.000000000069
E(3) = 0.000000000019
E(4) = 0.000000000000
Success probability = -0.001317156222
Complexity = 0.079583534379
