Both-May parameters:
R=0.436000000000;
t=0.132406029476;
r[1]=0.073305900000;
r[2]=0.073302800000;
r[3]=0.123545800000;
r[4]=0.293845500000;
p[0]=0.008279037500;
p[1]=0.016558075000;
p[2]=0.032340150000;
p[3]=0.045946400000;
p[4]=0.050881800000;
ww[1][1]=0.064035545905;
ww[1][2]=0.005434600000;
ww[1][3]=0.007721400000;
ww[1][4]=0.008552800000;
ww[2][2]=0.067853005627;
ww[2][3]=0.007738900000;
ww[2][4]=0.008563300000;
ww[3][3]=0.110356988532;
ww[3][4]=0.014530400000;
ww[4][4]=0.049877729476;

List sizes:
L(0) = 0.050780867345
L(1) = 0.068402000848
L(2) = 0.075583025734
L(3) = 0.073467026371
L(4) = -0.003501286535
Time for producing the lists:
T(1) = 0.068402000848
T(2) = 0.091498317659
T(3) = 0.091500493165
T(4) = 0.091500493299
Correctness Lemma:
E(2) = 0.000000019140
E(3) = 0.000000000433
E(4) = 0.000000000004
Success probability = -0.003501286535
Complexity = 0.095001779834
