Both-May parameters:
R=0.080000000000;
t=0.335047023973;
r[1]=0.076194500174;
r[2]=0.106699686733;
r[3]=0.301533947265;
r[4]=0.435571865828;
p[0]=0.004495195130;
p[1]=0.008990390260;
p[2]=0.017980780521;
p[3]=0.022937985464;
p[4]=0.025060452810;
ww[1][1]=0.020062145356;
ww[1][2]=0.019696000000;
ww[1][3]=0.023497000000;
ww[1][4]=0.024669500000;
ww[2][2]=0.026228818307;
ww[2][3]=0.032094100000;
ww[2][4]=0.034171100000;
ww[3][3]=0.104893800511;
ww[3][4]=0.102438300000;
ww[4][4]=0.148707671164;

List sizes:
L(0) = 0.020282116718
L(1) = 0.027739784710
L(2) = 0.027275781901
L(3) = 0.027850701617
L(4) = -0.000310295388
Time for producing the lists:
T(1) = 0.029637367758
T(2) = 0.039170360123
T(3) = 0.043183983324
T(4) = 0.043184030267
Correctness Lemma:
E(2) = 0.000002607148
E(3) = 0.000000018875
E(4) = 0.000000000779
Success probability = -0.000310295388
Complexity = 0.043494325655
