Both-May parameters:
R=0.443000000000;
t=0.129840283803;
r[1]=0.055008300000;
r[2]=0.090841600000;
r[3]=0.120701900000;
r[4]=0.290448200000;
p[0]=0.008065612500;
p[1]=0.016131225000;
p[2]=0.032262450000;
p[3]=0.045813600000;
p[4]=0.050709500000;
ww[1][1]=0.049415738932;
ww[1][2]=0.004001250000;
ww[1][3]=0.005683300000;
ww[1][4]=0.006291900000;
ww[2][2]=0.084228685085;
ww[2][3]=0.009391200000;
ww[2][4]=0.010396900000;
ww[3][3]=0.108304961596;
ww[3][4]=0.013760300000;
ww[4][4]=0.048681683803;

List sizes:
L(0) = 0.049970358799
L(1) = 0.071020628478
L(2) = 0.075757209007
L(3) = 0.073549233248
L(4) = -0.003576769164
Time for producing the lists:
T(1) = 0.071020628478
T(2) = 0.085380861279
T(3) = 0.091364505992
T(4) = 0.091364506004
Correctness Lemma:
E(2) = 0.000000005720
E(3) = 0.000000000023
E(4) = 0.000000000042
Success probability = -0.003576769164
Complexity = 0.094941275169
