Both-May parameters:
R=0.640000000000;
t=0.068420120924;
r[1]=0.013332416486;
r[2]=0.067835313025;
r[3]=0.087774647289;
r[4]=0.191057623200;
p[0]=0.005257973152;
p[1]=0.010515946305;
p[2]=0.021031892609;
p[3]=0.032779898141;
p[4]=0.037546540254;
ww[1][1]=0.000220741373;
ww[1][2]=0.000441482747;
ww[1][3]=0.000684965495;
ww[1][4]=0.000781778080;
ww[2][2]=0.002198518490;
ww[2][3]=0.003422031250;
ww[2][4]=0.003928000000;
ww[3][3]=0.004569754601;
ww[3][4]=0.005177000000;
ww[4][4]=0.020986802590;

List sizes:
L(0) = 0.038689209235
L(1) = 0.065667815969
L(2) = 0.069097391608
L(3) = 0.067004166798
L(4) = -0.004091685790
Time for producing the lists:
T(1) = 0.077378418469
T(2) = 0.077497170624
T(3) = 0.077538852285
T(4) = 0.077538902719
Correctness Lemma:
E(2) = 0.008140958870
E(3) = 0.000000014589
E(4) = 0.000000003406
Success probability = -0.004091685790
Complexity = 0.081630588509
