Both-May parameters:
R=0.730000000000;
t=0.046193115638;
r[1]=0.008710500000;
r[2]=0.048800500000;
r[3]=0.067700100000;
r[4]=0.144788900000;
p[0]=0.003488633034;
p[1]=0.006977266068;
p[2]=0.013954532136;
p[3]=0.023077464272;
p[4]=0.027501728544;
ww[1][1]=0.008626650000;
ww[1][2]=0.000167700000;
ww[1][3]=0.000277000000;
ww[1][4]=0.000329300000;
ww[2][2]=0.045993782836;
ww[2][3]=0.003575800000;
ww[2][4]=0.002942800000;
ww[3][3]=0.065438266249;
ww[3][4]=0.002642000000;
ww[4][4]=0.012777287094;

List sizes:
L(0) = 0.028414459773
L(1) = 0.048800499859
L(2) = 0.058784452517
L(3) = 0.057071697721
L(4) = -0.004484238449
Time for producing the lists:
T(1) = 0.056828919546
T(2) = 0.064294500887
T(3) = 0.064294504613
T(4) = 0.064294505154
Correctness Lemma:
E(2) = 0.005411732136
E(3) = 0.000000000069
E(4) = 0.000000000028
Success probability = -0.004484238449
Complexity = 0.068778743603
