Both-May parameters:
R=0.290000000000;
t=0.194114617051;
r[1]=0.059470800000;
r[2]=0.142113500000;
r[3]=0.144115800000;
r[4]=0.364299900000;
p[0]=0.009118373172;
p[1]=0.018236746345;
p[2]=0.036473492690;
p[3]=0.047981885381;
p[4]=0.051660170762;
ww[1][1]=0.006488715333;
ww[1][2]=0.007480000000;
ww[1][3]=0.009840000000;
ww[1][4]=0.010594200000;
ww[2][2]=0.017880318452;
ww[2][3]=0.023518785381;
ww[2][4]=0.025319070762;
ww[3][3]=0.023600851698;
ww[3][4]=0.025523470762;
ww[4][4]=0.081017704765;

List sizes:
L(0) = 0.049125085486
L(1) = 0.068349339944
L(2) = 0.066704455418
L(3) = 0.065167541374
L(4) = -0.002084813643
Time for producing the lists:
T(1) = 0.068349339944
T(2) = 0.082944518860
T(3) = 0.086594408454
T(4) = 0.086594408466
Correctness Lemma:
E(2) = 0.000000000047
E(3) = 0.000000000002
E(4) = 0.000000000001
Success probability = -0.002084813643
Complexity = 0.088679222108
